Potential;Current
-0.84747;1.24725e-4
-0.84717;1.24023e-4
-0.84564;1.23535e-4
-0.84412;1.22772e-4
-0.84381;1.22131e-4
-0.84229;1.21429e-4
-0.84137;1.21002e-4
-0.84015;1.20361e-4
-0.83984;1.19995e-4
-0.83862;1.19415e-4
-0.8371;1.19019e-4
-0.83618;1.18652e-4
-0.83527;1.18225e-4
-0.83374;1.1795e-4
-0.83282;1.17462e-4
-0.8316;1.17035e-4
-0.8313;1.16913e-4
-0.82977;1.16699e-4
-0.82886;1.16394e-4
-0.82733;1.15997e-4
-0.82642;1.15784e-4
-0.8255;1.15509e-4
-0.82428;1.15417e-4
-0.82336;1.15265e-4
-0.82245;1.15021e-4
-0.82123;1.14777e-4
-0.8197;1.14807e-4
-0.81848;1.14716e-4
-0.81818;1.14563e-4
-0.81665;1.1441e-4
-0.81604;1.14227e-4
-0.81512;1.1441e-4
-0.8136;1.1438e-4
-0.81268;1.14197e-4
-0.81116;1.14258e-4
-0.81024;1.14136e-4
-0.80933;1.14227e-4
-0.80841;1.14288e-4
-0.8075;1.14136e-4
-0.80627;1.14136e-4
-0.80536;1.14105e-4
-0.80353;1.14288e-4
-0.80322;1.14349e-4
-0.8017;1.14319e-4
-0.80048;1.14288e-4
-0.79956;1.14319e-4
-0.79834;1.14594e-4
-0.79742;1.14716e-4
-0.79651;1.14716e-4
-0.79529;1.14777e-4
-0.79407;1.14838e-4
-0.79376;1.15051e-4
-0.79193;1.15265e-4
-0.79132;1.15295e-4
-0.78949;1.15387e-4
-0.78918;1.15448e-4
-0.78766;1.15814e-4
-0.78674;1.15967e-4
-0.78583;1.15967e-4
-0.78491;1.16211e-4
-0.78339;1.16394e-4
-0.78217;1.16608e-4
-0.78156;1.16791e-4
-0.78033;1.16943e-4
-0.77972;1.17249e-4
-0.7785;1.17493e-4
-0.77728;1.17889e-4
-0.77606;1.18103e-4
-0.77545;1.18195e-4
-0.77423;1.18439e-4
-0.77332;1.18927e-4
-0.7724;1.19141e-4
-0.77087;1.19598e-4
-0.76996;1.1972e-4
-0.76843;1.20026e-4
-0.76721;1.20453e-4
-0.76691;1.2085e-4
-0.76508;1.21277e-4
-0.76447;1.2146e-4
-0.76355;1.21857e-4
-0.76233;1.22345e-4
-0.76172;1.22833e-4
-0.76019;1.23352e-4
-0.75928;1.23596e-4
-0.75775;1.24146e-4
-0.75684;1.24634e-4
-0.75623;1.25061e-4
-0.75531;1.25702e-4
-0.75348;1.2616e-4
-0.75226;1.26709e-4
-0.75165;1.27411e-4
-0.75104;1.28052e-4
-0.74915;1.28632e-4
-0.74805;1.2915e-4
-0.74698;1.297e-4
-0.74591;1.30493e-4
-0.74484;1.31165e-4
-0.74377;1.31927e-4
-0.74274;1.32507e-4
-0.74164;1.3324e-4
-0.74057;1.34155e-4
-0.7395;1.34857e-4
-0.73846;1.35681e-4
-0.73737;1.36383e-4
-0.73633;1.37238e-4
-0.73526;1.38123e-4
-0.73419;1.39038e-4
-0.73315;1.39923e-4
-0.73203;1.40808e-4
-0.73093;1.41693e-4
-0.72989;1.42731e-4
-0.72879;1.43707e-4
-0.72778;1.44684e-4
-0.72672;1.45569e-4
-0.72568;1.46698e-4
-0.72458;1.47766e-4
-0.72354;1.48865e-4
-0.72238;1.49872e-4
-0.72141;1.51062e-4
-0.72031;1.52161e-4
-0.71924;1.53534e-4
-0.7182;1.54724e-4
-0.7171;1.55853e-4
-0.71603;1.57135e-4
-0.7149;1.58356e-4
-0.71396;1.59821e-4
-0.71283;1.61163e-4
-0.71176;1.62384e-4
-0.71069;1.63788e-4
-0.70969;1.65161e-4
-0.70859;1.66687e-4
-0.70752;1.68213e-4
-0.70645;1.69617e-4
-0.70538;1.71112e-4
-0.70432;1.72729e-4
-0.70328;1.74286e-4
-0.70221;1.76117e-4
-0.70117;1.77551e-4
-0.70004;1.7926e-4
-0.69897;1.81e-4
-0.69788;1.82678e-4
-0.69687;1.84509e-4
-0.69577;1.86157e-4
-0.69467;1.87988e-4
-0.69363;1.89941e-4
-0.69257;1.91956e-4
-0.6915;1.94e-4
-0.69043;1.9577e-4
-0.68939;1.97632e-4
-0.68835;1.99707e-4
-0.68723;2.01904e-4
-0.68619;2.03979e-4
-0.68512;2.05933e-4
-0.68402;2.08099e-4
-0.68295;2.10541e-4
-0.68195;2.12738e-4
-0.68088;2.15149e-4
-0.67978;2.17316e-4
-0.67874;2.19452e-4
-0.67761;2.22015e-4
-0.67661;2.24579e-4
-0.67554;2.2702e-4
-0.67444;2.29279e-4
-0.67331;2.31903e-4
-0.6723;2.34528e-4
-0.6713;2.37061e-4
-0.67017;2.39655e-4
-0.66922;2.42188e-4
-0.66809;2.44904e-4
-0.66699;2.47955e-4
-0.66599;2.50854e-4
-0.66489;2.53693e-4
-0.66385;2.5647e-4
-0.66275;2.59399e-4
-0.66162;2.62665e-4
-0.66055;2.65656e-4
-0.65952;2.68768e-4
-0.65845;2.71759e-4
-0.65741;2.74933e-4
-0.6564;2.7832e-4
-0.6554;2.81616e-4
-0.65427;2.85004e-4
-0.6532;2.88239e-4
-0.65213;2.91687e-4
-0.65103;2.95349e-4
-0.64999;2.98859e-4
-0.64896;3.02277e-4
-0.64761;3.05908e-4
-0.64648;3.0954e-4
-0.64539;3.13354e-4
-0.64429;3.17169e-4
-0.64325;3.20953e-4
-0.64218;3.2489e-4
-0.64105;3.28827e-4
-0.64005;3.32916e-4
-0.63898;3.37006e-4
-0.63794;3.41125e-4
-0.6369;3.45276e-4
-0.63574;3.49487e-4
-0.63474;3.53912e-4
-0.6337;3.58368e-4
-0.6326;3.6261e-4
-0.63153;3.67126e-4
-0.6304;3.71582e-4
-0.62939;3.76282e-4
-0.6283;3.81134e-4
-0.62729;3.85803e-4
-0.62616;3.90533e-4
-0.62512;3.95355e-4
-0.62405;4.00238e-4
-0.62299;4.05396e-4
-0.62189;4.10187e-4
-0.62082;4.15344e-4
-0.61981;4.20471e-4
-0.61868;4.25934e-4
-0.61765;4.31122e-4
-0.61658;4.36371e-4
-0.61554;4.42047e-4
-0.61444;4.47571e-4
-0.61334;4.53186e-4
-0.61237;4.58954e-4
-0.61124;4.64417e-4
-0.61017;4.70032e-4
-0.60913;4.76044e-4
-0.60803;4.81964e-4
-0.6069;4.88068e-4
-0.6059;4.94049e-4
-0.60486;5.00183e-4
-0.60382;5.06592e-4
-0.60275;5.13e-4
-0.60168;5.19409e-4
-0.60059;5.25513e-4
-0.59958;5.32227e-4
-0.59851;5.3894e-4
-0.59744;5.45349e-4
-0.59641;5.52063e-4
-0.59531;5.58472e-4
-0.59427;5.65186e-4
-0.59317;5.72205e-4
-0.59207;5.79224e-4
-0.59109;5.86548e-4
-0.58997;5.93567e-4
-0.5889;6.00586e-4
-0.58777;6.08215e-4
-0.58676;6.1554e-4
-0.58566;6.22864e-4
-0.58469;6.30493e-4
-0.5835;6.37817e-4
-0.58246;6.45752e-4
-0.58142;6.53687e-4
-0.58035;6.61316e-4
-0.57928;6.6925e-4
-0.57822;6.77185e-4
-0.57715;6.85425e-4
-0.57608;6.93665e-4
-0.57504;7.01904e-4
-0.57397;7.10144e-4
-0.57288;7.18384e-4
-0.57181;7.26929e-4
-0.57074;7.35474e-4
-0.56967;7.44019e-4
-0.5686;7.52869e-4
-0.56754;7.61719e-4
-0.56647;7.70874e-4
-0.56537;7.79724e-4
-0.56436;7.88879e-4
-0.56323;7.98035e-4
-0.56219;8.07495e-4
-0.56113;8.1665e-4
-0.56006;8.26416e-4
-0.55899;8.35876e-4
-0.55792;8.45337e-4
-0.55685;8.55103e-4
-0.55576;8.65173e-4
-0.55469;8.75244e-4
-0.55365;8.8501e-4
-0.55264;8.95081e-4
-0.55148;9.05151e-4
-0.55048;9.15527e-4
-0.54938;9.25903e-4
-0.54837;9.36279e-4
-0.54727;9.4696e-4
-0.5462;9.57947e-4
-0.54507;9.68628e-4
-0.54404;9.79614e-4
-0.54294;9.90295e-4
-0.5419;0.001
-0.54083;0.00101
-0.53979;0.00102
-0.53864;0.00104
-0.53766;0.00105
-0.53656;0.00106
-0.53552;0.00107
-0.53439;0.00108
-0.53342;0.00109
-0.53229;0.00111
-0.53119;0.00112
-0.53018;0.00113
-0.52911;0.00114
-0.52808;0.00115
-0.52698;0.00117
-0.52588;0.00118
-0.52478;0.00119
-0.52374;0.00121
-0.52277;0.00122
-0.52167;0.00123
-0.52057;0.00124
-0.5195;0.00126
-0.5184;0.00127
-0.51733;0.00128
-0.5163;0.0013
-0.51526;0.00131
-0.51416;0.00132
-0.51312;0.00134
-0.51205;0.00135
-0.51099;0.00137
-0.50995;0.00138
-0.50885;0.00139
-0.50781;0.00141
-0.50671;0.00142
-0.50568;0.00144
-0.50458;0.00145
-0.50348;0.00147
-0.50241;0.00148
-0.5014;0.0015
-0.50031;0.00151
-0.49921;0.00153
-0.4982;0.00154
-0.49713;0.00156
-0.49603;0.00157
-0.49503;0.00159
-0.49393;0.00161
-0.49283;0.00162
-0.49185;0.00164
-0.49075;0.00165
-0.48962;0.00167
-0.48856;0.00169
-0.48755;0.0017
-0.48645;0.00172
-0.48532;0.00173
-0.48428;0.00175
-0.48328;0.00177
-0.48218;0.00178
-0.48111;0.0018
-0.48004;0.00182
-0.479;0.00184
-0.47787;0.00185
-0.47684;0.00187
-0.47583;0.00189
-0.4747;0.00191
-0.47366;0.00192
-0.4726;0.00194
-0.47153;0.00196
-0.47043;0.00198
-0.46936;0.00199
-0.46832;0.00201
-0.46722;0.00203
-0.46619;0.00205
-0.46515;0.00207
-0.46405;0.00209
-0.46298;0.0021
-0.46191;0.00212
-0.46085;0.00214
-0.45981;0.00216
-0.45868;0.00218
-0.45764;0.0022
-0.4566;0.00222
-0.45551;0.00224
-0.45444;0.00226
-0.4534;0.00228
-0.45233;0.0023
-0.45126;0.00232
-0.4502;0.00234
-0.44922;0.00236
-0.44806;0.00238
-0.44702;0.0024
-0.44595;0.00242
-0.44492;0.00244
-0.44382;0.00246
-0.44272;0.00248
-0.44165;0.0025
-0.44064;0.00252
-0.43951;0.00254
-0.43848;0.00256
-0.43744;0.00258
-0.43637;0.0026
-0.4353;0.00263
-0.4342;0.00265
-0.43317;0.00267
-0.43204;0.00269
-0.43106;0.00271
-0.42996;0.00273
-0.42889;0.00276
-0.42783;0.00278
-0.42676;0.0028
-0.42569;0.00282
-0.42465;0.00284
-0.42355;0.00287
-0.42249;0.00289
-0.42145;0.00291
-0.42035;0.00293
-0.41934;0.00295
-0.41824;0.00298
-0.41718;0.003
-0.41608;0.00302
-0.41507;0.00305
-0.41403;0.00307
-0.41296;0.00309
-0.41183;0.00311
-0.41077;0.00314
-0.40976;0.00316
-0.40872;0.00318
-0.40762;0.0032
-0.40659;0.00323
-0.40549;0.00325
-0.40436;0.00327
-0.40335;0.0033
-0.40228;0.00332
-0.40121;0.00335
-0.40018;0.00337
-0.39911;0.00339
-0.39804;0.00342
-0.397;0.00344
-0.39594;0.00346
-0.39487;0.00349
-0.3938;0.00351
-0.39276;0.00353
-0.39166;0.00356
-0.39063;0.00358
-0.38953;0.0036
-0.38846;0.00363
-0.38739;0.00365
-0.38635;0.00367
-0.38528;0.0037
-0.38422;0.00372
-0.38315;0.00374
-0.38211;0.00377
-0.38095;0.00379
-0.37997;0.00381
-0.37888;0.00384
-0.37781;0.00386
-0.37677;0.00388
-0.37573;0.0039
-0.37463;0.00393
-0.3736;0.00395
-0.3725;0.00397
-0.37149;0.00399
-0.37036;0.00401
-0.36929;0.00403
-0.36826;0.00405
-0.36716;0.00408
-0.36615;0.0041
-0.36511;0.00412
-0.36398;0.00414
-0.36295;0.00415
-0.36185;0.00417
-0.36081;0.00419
-0.35977;0.00421
-0.35867;0.00423
-0.35757;0.00425
-0.35654;0.00427
-0.3555;0.00429
-0.3544;0.0043
-0.35336;0.00432
-0.35236;0.00434
-0.35123;0.00435
-0.35019;0.00437
-0.34912;0.00439
-0.34805;0.0044
-0.34702;0.00442
-0.34592;0.00443
-0.34485;0.00445
-0.34381;0.00446
-0.34271;0.00448
-0.34167;0.00449
-0.34058;0.00451
-0.33954;0.00452
-0.33847;0.00453
-0.3374;0.00455
-0.33627;0.00456
-0.33524;0.00457
-0.3342;0.00459
-0.3331;0.0046
-0.33209;0.00461
-0.33099;0.00462
-0.32993;0.00463
-0.32886;0.00465
-0.32779;0.00466
-0.32675;0.00467
-0.32571;0.00468
-0.32458;0.00469
-0.32352;0.0047
-0.32248;0.00471
-0.32141;0.00472
-0.32028;0.00473
-0.31924;0.00474
-0.31818;0.00475
-0.31714;0.00476
-0.3161;0.00477
-0.31503;0.00478
-0.31396;0.00479
-0.31284;0.0048
-0.31183;0.00481
-0.31073;0.00482
-0.30966;0.00483
-0.30859;0.00484
-0.3075;0.00485
-0.30643;0.00485
-0.30542;0.00486
-0.30432;0.00487
-0.30322;0.00488
-0.30222;0.00489
-0.30115;0.0049
-0.30005;0.0049
-0.29898;0.00491
-0.29794;0.00492
-0.29684;0.00493
-0.29578;0.00493
-0.29474;0.00494
-0.29364;0.00495
-0.2926;0.00496
-0.29153;0.00496
-0.2905;0.00497
-0.2894;0.00498
-0.28839;0.00498
-0.28723;0.00499
-0.28622;0.005
-0.28513;0.005
-0.28409;0.00501
-0.28302;0.00502
-0.28192;0.00502
-0.28085;0.00503
-0.27982;0.00504
-0.27869;0.00504
-0.27765;0.00505
-0.27661;0.00506
-0.27551;0.00506
-0.27444;0.00507
-0.27341;0.00507
-0.27234;0.00508
-0.2713;0.00509
-0.2702;0.00509
-0.26917;0.0051
-0.26804;0.0051
-0.26694;0.00511
-0.26596;0.00511
-0.26483;0.00512
-0.26376;0.00512
-0.26273;0.00513
-0.26172;0.00514
-0.26059;0.00514
-0.25949;0.00515
-0.25842;0.00515
-0.25745;0.00516
-0.25638;0.00516
-0.25531;0.00517
-0.25421;0.00517
-0.25314;0.00518
-0.25204;0.00518
-0.25101;0.00519
-0.24994;0.00519
-0.2489;0.0052
-0.24786;0.0052
-0.24673;0.00521
-0.24564;0.00521
-0.24454;0.00522
-0.24353;0.00522
-0.24249;0.00523
-0.24142;0.00523
-0.2403;0.00524
-0.23926;0.00524
-0.23819;0.00524
-0.23712;0.00525
-0.23602;0.00525
-0.23505;0.00526
-0.23395;0.00526
-0.23285;0.00527
-0.23178;0.00527
-0.23068;0.00528
-0.22961;0.00528
-0.22858;0.00528
-0.22751;0.00529
-0.22647;0.00529
-0.22543;0.0053
-0.22427;0.0053
-0.22324;0.00531
-0.22223;0.00531
-0.22113;0.00531
-0.22003;0.00532
-0.21896;0.00532
-0.2179;0.00533
-0.21686;0.00533
-0.21582;0.00534
-0.21466;0.00534
-0.21362;0.00534
-0.21259;0.00535
-0.21146;0.00535
-0.21054;0.00535
-0.20938;0.00536
-0.20831;0.00536
-0.20728;0.00537
-0.20621;0.00537
-0.20514;0.00537
-0.20404;0.00538
-0.20297;0.00538
-0.2019;0.00539
-0.20084;0.00539
-0.19977;0.00539
-0.19879;0.0054
-0.19763;0.0054
-0.19659;0.0054
-0.1955;0.00541
-0.19446;0.00541
-0.19339;0.00541
-0.19232;0.00542
-0.19122;0.00542
-0.19016;0.00542
-0.18912;0.00543
-0.18805;0.00543
-0.18698;0.00544
-0.18591;0.00544
-0.18484;0.00544
-0.18375;0.00544
-0.18274;0.00545
-0.1817;0.00545
-0.18054;0.00545
-0.1795;0.00546
-0.17844;0.00546
-0.17737;0.00546
-0.17624;0.00547
-0.17526;0.00547
-0.17413;0.00547
-0.17307;0.00548
-0.17209;0.00548
-0.17093;0.00548
-0.16989;0.00549
-0.16885;0.00549
-0.16772;0.00549
-0.16669;0.00549
-0.16562;0.0055
-0.16458;0.0055
-0.16348;0.0055
-0.16245;0.00551
-0.16132;0.00551
-0.16031;0.00551
-0.15921;0.00551
-0.1582;0.00552
-0.15714;0.00552
-0.15604;0.00552
-0.15497;0.00552
-0.1539;0.00552
-0.15289;0.00553
-0.15176;0.00553
-0.1507;0.00553
-0.14963;0.00553
-0.14853;0.00554
-0.14752;0.00554
-0.14642;0.00554
-0.14539;0.00554
-0.14426;0.00554
-0.14319;0.00555
-0.14218;0.00555
-0.14108;0.00555
-0.14001;0.00555
-0.13895;0.00555
-0.13788;0.00555
-0.13684;0.00556
-0.13577;0.00556
-0.13467;0.00556
-0.13364;0.00556
-0.13257;0.00556
-0.13147;0.00556
-0.1304;0.00556
-0.12936;0.00557
-0.12827;0.00557
-0.12723;0.00557
-0.12616;0.00557
-0.12506;0.00557
-0.12399;0.00557
-0.12292;0.00557
-0.12189;0.00557
-0.12079;0.00557
-0.11972;0.00557
-0.11868;0.00558
-0.11761;0.00558
-0.11655;0.00558
-0.11545;0.00558
-0.11441;0.00558
-0.1134;0.00558
-0.1123;0.00558
-0.11118;0.00558
-0.11014;0.00558
-0.10907;0.00558
-0.10797;0.00558
-0.10693;0.00558
-0.10583;0.00558
-0.10483;0.00558
-0.1037;0.00558
-0.10269;0.00558
-0.10159;0.00558
-0.10056;0.00558
-0.09946;0.00558
-0.09839;0.00558
-0.09732;0.00558
-0.09625;0.00558
-0.09518;0.00558
-0.09409;0.00558
-0.09305;0.00558
-0.09201;0.00558
-0.09094;0.00558
-0.08984;0.00557
-0.08881;0.00557
-0.08771;0.00557
-0.08667;0.00557
-0.08557;0.00557
-0.0845;0.00557
-0.08344;0.00557
-0.08243;0.00557
-0.0813;0.00557
-0.08026;0.00557
-0.07916;0.00556
-0.07806;0.00556
-0.07703;0.00556
-0.07596;0.00556
-0.07495;0.00556
-0.07385;0.00556
-0.07275;0.00556
-0.07166;0.00556
-0.07062;0.00555
-0.06955;0.00555
-0.06851;0.00555
-0.06741;0.00555
-0.06635;0.00555
-0.06525;0.00555
-0.06421;0.00554
-0.06317;0.00554
-0.06204;0.00554
-0.061;0.00554
-0.06;0.00553
-0.05887;0.00553
-0.05783;0.00553
-0.0567;0.00553
-0.0556;0.00553
-0.05463;0.00552
-0.0535;0.00552
-0.05249;0.00552
-0.05142;0.00552
-0.05032;0.00551
-0.04922;0.00551
-0.04813;0.00551
-0.04618;0.00551
-0.04512;0.0055
-0.04405;0.0055
-0.04299;0.0055
-0.04191;0.0055
-0.04085;0.00549
-0.03978;0.00549
-0.03871;0.00549
-0.03764;0.00548
-0.03658;0.00548
-0.03551;0.00548
-0.03443;0.00548
-0.03338;0.00547
-0.0323;0.00547
-0.03124;0.00547
-0.03015;0.00546
-0.02909;0.00546
-0.02802;0.00546
-0.02695;0.00545
-0.02589;0.00545
-0.02482;0.00545
-0.02374;0.00544
-0.02267;0.00544
-0.0216;0.00544
-0.02053;0.00543
-0.01947;0.00543
-0.0184;0.00543
-0.01732;0.00542
-0.01626;0.00542
-0.0152;0.00542
-0.01413;0.00541
-0.01306;0.00541
-0.01198;0.0054
-0.01092;0.0054
-0.00986;0.0054
-0.00878;0.00539
-0.00771;0.00539
-0.00664;0.00539
-0.00559;0.00538
-0.0045;0.00538
-0.00344;0.00538
-0.00237;0.00537
-0.0013;0.00537
-2.38037e-4;0.00536
8.3313e-4;0.00536
0.00191;0.00536
0.00298;0.00535
0.00405;0.00535
0.00512;0.00534
0.0062;0.00534
0.00726;0.00534
0.00833;0.00533
0.00939;0.00533
0.01046;0.00532
0.01155;0.00532
0.01262;0.00532
0.01367;0.00531
0.01473;0.00531
0.01581;0.0053
0.01687;0.0053
0.01796;0.0053
0.01903;0.00529
0.0201;0.00529
0.02115;0.00529
0.02223;0.00528
0.0233;0.00528
0.02437;0.00527
0.02544;0.00527
0.02649;0.00527
0.02758;0.00526
0.02864;0.00526
0.02972;0.00525
0.03078;0.00525
0.03185;0.00525
0.03291;0.00524
0.03399;0.00524
0.03505;0.00524
0.03612;0.00523
0.0372;0.00523
0.03826;0.00522
0.03932;0.00522
0.04039;0.00522
0.04145;0.00521
0.04253;0.00521
0.04362;0.0052
0.04467;0.0052
0.04573;0.0052
0.04683;0.00519
0.04787;0.00519
0.04895;0.00519
0.05001;0.00518
0.0511;0.00518
0.05215;0.00517
0.05222;0.00517
0.05331;0.00517
0.05441;0.00516
0.05545;0.00516
0.05655;0.00516
0.05762;0.00515
0.05865;0.00515
0.05978;0.00514
0.06082;0.00514
0.06186;0.00514
0.06293;0.00513
0.06403;0.00513
0.06512;0.00513
0.06613;0.00512
0.06717;0.00512
0.0683;0.00511
0.06937;0.00511
0.07043;0.00511
0.07147;0.0051
0.07254;0.0051
0.07364;0.0051
0.07471;0.00509
0.07571;0.00509
0.07681;0.00509
0.07791;0.00508
0.07895;0.00508
0.08005;0.00508
0.08105;0.00507
0.08221;0.00507
0.08325;0.00507
0.08432;0.00506
0.08536;0.00506
0.08643;0.00506
0.08749;0.00505
0.08856;0.00505
0.08966;0.00505
0.09073;0.00504
0.09183;0.00504
0.09286;0.00504
0.0939;0.00503
0.09494;0.00503
0.09607;0.00502
0.09714;0.00502
0.09821;0.00502
0.09927;0.00501
0.10031;0.00501
0.10141;0.00501
0.10245;0.005
0.10352;0.005
0.10455;0.005
0.10571;0.00499
0.10672;0.00499
0.10788;0.00499
0.10889;0.00499
0.10995;0.00498
0.11096;0.00498
0.11209;0.00498
0.11316;0.00497
0.1142;0.00497
0.1153;0.00497
0.11636;0.00496
0.1174;0.00496
0.1185;0.00496
0.11951;0.00495
0.12061;0.00495
0.1217;0.00495
0.1228;0.00494
0.12381;0.00494
0.12491;0.00494
0.12604;0.00493
0.12704;0.00493
0.12811;0.00493
0.12915;0.00492
0.13028;0.00492
0.13132;0.00492
0.13239;0.00492
0.13345;0.00491
0.13449;0.00491
0.13556;0.00491
0.13663;0.0049
0.13766;0.0049
0.13882;0.0049
0.13986;0.0049
0.14084;0.00489
0.14194;0.00489
0.14304;0.00489
0.1441;0.00488
0.14517;0.00488
0.14624;0.00488
0.14734;0.00487
0.14841;0.00487
0.14948;0.00487
0.15054;0.00487
0.15164;0.00486
0.15265;0.00486
0.15369;0.00486
0.15482;0.00485
0.15585;0.00485
0.15692;0.00485
0.15805;0.00484
0.15906;0.00484
0.16013;0.00484
0.16116;0.00483
0.16229;0.00483
0.16333;0.00483
0.16446;0.00482
0.16547;0.00482
0.1666;0.00482
0.16763;0.00482
0.16867;0.00481
0.16977;0.00481
0.17084;0.00481
0.17191;0.0048
0.17294;0.0048
0.17404;0.0048
0.17511;0.0048
0.17618;0.00479
0.17725;0.00479
0.17828;0.00479
0.17941;0.00479
0.18042;0.00478
0.18152;0.00478
0.18256;0.00478
0.18365;0.00478
0.18469;0.00478
0.18576;0.00477
0.18686;0.00477
0.18793;0.00477
0.18893;0.00477
0.19003;0.00476
0.19113;0.00476
0.1922;0.00476
0.19327;0.00476
0.19434;0.00476
0.19537;0.00475
0.19641;0.00475
0.19757;0.00475
0.19861;0.00475
0.19968;0.00474
0.20074;0.00474
0.20181;0.00474
0.20288;0.00474
0.20389;0.00473
0.20502;0.00473
0.20609;0.00473
0.20715;0.00472
0.20825;0.00472
0.20926;0.00472
0.21033;0.00472
0.21136;0.00471
0.21246;0.00471
0.21353;0.00471
0.21457;0.00471
0.2157;0.0047
0.21674;0.0047
0.21783;0.0047
0.2189;0.00469
0.21997;0.00469
0.2211;0.00468
0.22208;0.00468
0.22318;0.00468
0.22427;0.00468
0.22531;0.00468
0.22635;0.00467
0.22745;0.00467
0.22849;0.00467
0.22949;0.00467
0.23062;0.00466
0.23172;0.00466
0.23273;0.00466
0.23383;0.00466
0.23492;0.00465
0.23602;0.00465
0.23706;0.00465
0.2381;0.00465
0.23917;0.00464
0.24023;0.00464
0.24133;0.00464
0.24234;0.00464
0.24341;0.00464
0.24454;0.00463
0.24554;0.00463
0.24664;0.00463
0.24768;0.00463
0.24881;0.00462
0.24988;0.00462
0.25089;0.00462
0.25198;0.00462
0.25308;0.00461
0.25415;0.00461
0.25519;0.00461
0.25626;0.00461
0.25735;0.0046
0.25839;0.0046
0.25946;0.0046
0.2605;0.0046
0.2616;0.0046
0.26263;0.00459
0.26379;0.00459
0.2648;0.00459
0.26593;0.00459
0.26697;0.00459
0.26797;0.00458
0.2691;0.00458
0.27017;0.00458
0.2713;0.00458
0.27228;0.00458
0.27335;0.00457
0.27438;0.00457
0.27545;0.00457
0.27655;0.00457
0.27762;0.00457
0.27869;0.00456
0.27975;0.00456
0.28082;0.00456
0.28186;0.00456
0.28299;0.00455
0.284;0.00455
0.28513;0.00455
0.28622;0.00455
0.2872;0.00455
0.2883;0.00455
0.28937;0.00454
0.29041;0.00454
0.2915;0.00454
0.29257;0.00454
0.29367;0.00453
0.29468;0.00453
0.29578;0.00453
0.29684;0.00453
0.29788;0.00453
0.29898;0.00452
0.30008;0.00452
0.30112;0.00452
0.30225;0.00452
0.30328;0.00452
0.30429;0.00451
0.30536;0.00451
0.3064;0.00451
0.30753;0.00451
0.30856;0.00451
0.30969;0.00451
0.31076;0.0045
0.3118;0.0045
0.3129;0.0045
0.31396;0.0045
0.315;0.0045
0.31613;0.00449
0.31717;0.00449
0.31824;0.00449
0.31927;0.00449
0.32037;0.00449
0.32144;0.00448
0.32251;0.00448
0.32355;0.00448
0.32462;0.00448
0.32571;0.00448
0.32678;0.00448
0.32785;0.00447
0.32892;0.00447
0.32999;0.00447
0.33105;0.00447
0.33212;0.00447
0.33322;0.00447
0.33426;0.00446
0.33536;0.00446
0.3364;0.00446
0.33746;0.00446
0.3385;0.00445
0.33963;0.00445
0.34058;0.00445
0.34177;0.00445
0.3428;0.00445
0.34387;0.00444
0.345;0.00444
0.34601;0.00444
0.34708;0.00444
0.34814;0.00444
0.34921;0.00443
0.35031;0.00443
0.35132;0.00443
0.35245;0.00443
0.35349;0.00443
0.35449;0.00443
0.35559;0.00442
0.35666;0.00442
0.35776;0.00442
0.3588;0.00442
0.35986;0.00442
0.36093;0.00441
0.36206;0.00441
0.36313;0.00441
0.36417;0.00441
0.3652;0.00441
0.36627;0.00441
0.36731;0.00441
0.36838;0.0044
0.36951;0.0044
0.37057;0.0044
0.37164;0.0044
0.37265;0.0044
0.37378;0.00439
0.37482;0.00439
0.37592;0.00439
0.37695;0.00439
0.37808;0.00439
0.37909;0.00438
0.38019;0.00438
0.38129;0.00438
0.38235;0.00438
0.38339;0.00438
0.38446;0.00438
0.38553;0.00437
0.38654;0.00437
0.3877;0.00437
0.38873;0.00437
0.38983;0.00437
0.39081;0.00437
0.39194;0.00436
0.39291;0.00436
0.39401;0.00436
0.39511;0.00436
0.39621;0.00436
0.39725;0.00435
0.39835;0.00435
0.39935;0.00435
0.39832;0.00432
0.39722;0.0043
0.39621;0.00428
0.39514;0.00426
0.39404;0.00423
0.39304;0.00422
0.39197;0.0042
0.39084;0.00418
0.3898;0.00416
0.38876;0.00414
0.3877;0.00412
0.38666;0.00411
0.38562;0.00409
0.38452;0.00407
0.38339;0.00406
0.38239;0.00404
0.38132;0.00403
0.38028;0.00401
0.37918;0.004
0.37814;0.00398
0.37704;0.00397
0.37598;0.00396
0.37494;0.00395
0.3739;0.00393
0.37277;0.00392
0.37173;0.00391
0.37067;0.00389
0.36963;0.00388
0.36847;0.00387
0.36746;0.00386
0.36642;0.00385
0.36536;0.00383
0.36435;0.00382
0.36322;0.00381
0.36212;0.0038
0.36108;0.00379
0.36002;0.00378
0.35898;0.00377
0.35794;0.00376
0.35678;0.00375
0.35571;0.00374
0.35468;0.00373
0.35361;0.00372
0.35257;0.00371
0.3515;0.0037
0.35046;0.00369
0.34937;0.00369
0.34833;0.00368
0.34729;0.00367
0.34619;0.00366
0.34518;0.00365
0.34406;0.00364
0.34299;0.00364
0.34192;0.00363
0.34085;0.00362
0.33978;0.00361
0.33875;0.00361
0.33768;0.0036
0.33658;0.00359
0.33551;0.00358
0.33441;0.00358
0.33337;0.00357
0.33234;0.00356
0.33124;0.00356
0.33017;0.00355
0.32907;0.00354
0.32803;0.00353
0.327;0.00353
0.32593;0.00352
0.3248;0.00352
0.32385;0.00351
0.32275;0.0035
0.32166;0.00349
0.32056;0.00349
0.31955;0.00348
0.31848;0.00348
0.31741;0.00347
0.31635;0.00346
0.31525;0.00346
0.31421;0.00345
0.31311;0.00345
0.3121;0.00344
0.31094;0.00344
0.30988;0.00343
0.30884;0.00343
0.30774;0.00342
0.30673;0.00341
0.3056;0.00341
0.30457;0.0034
0.30347;0.0034
0.30246;0.00339
0.30139;0.00339
0.30032;0.00338
0.29919;0.00337
0.29816;0.00337
0.29709;0.00336
0.29605;0.00336
0.29498;0.00335
0.29395;0.00335
0.29282;0.00334
0.29178;0.00334
0.29068;0.00333
0.28964;0.00333
0.2886;0.00332
0.28754;0.00332
0.28647;0.00332
0.2854;0.00331
0.2843;0.00331
0.28326;0.0033
0.28217;0.0033
0.2811;0.00329
0.28003;0.00329
0.27896;0.00328
0.27792;0.00328
0.27682;0.00328
0.27579;0.00327
0.27469;0.00327
0.27362;0.00326
0.27255;0.00326
0.27148;0.00325
0.27045;0.00325
0.26935;0.00324
0.26828;0.00324
0.26721;0.00323
0.2662;0.00323
0.26514;0.00322
0.26404;0.00322
0.263;0.00322
0.2619;0.00321
0.26083;0.00321
0.2598;0.0032
0.2587;0.0032
0.25763;0.0032
0.25659;0.00319
0.25549;0.00319
0.25446;0.00318
0.25339;0.00318
0.25229;0.00318
0.25125;0.00317
0.25015;0.00317
0.24915;0.00317
0.24805;0.00316
0.24698;0.00316
0.24591;0.00315
0.24484;0.00315
0.24377;0.00315
0.24271;0.00314
0.2417;0.00314
0.24057;0.00313
0.2395;0.00313
0.23843;0.00313
0.2374;0.00312
0.23633;0.00312
0.2352;0.00312
0.23416;0.00311
0.23309;0.00311
0.23203;0.0031
0.23096;0.0031
0.22992;0.0031
0.22885;0.00309
0.22778;0.00309
0.22675;0.00309
0.22562;0.00308
0.22458;0.00308
0.22354;0.00307
0.2225;0.00307
0.22134;0.00307
0.22031;0.00306
0.21924;0.00306
0.21814;0.00306
0.21716;0.00305
0.21606;0.00305
0.21497;0.00305
0.21393;0.00304
0.21286;0.00304
0.21176;0.00303
0.21072;0.00303
0.20963;0.00303
0.20862;0.00302
0.20752;0.00302
0.20648;0.00302
0.20535;0.00301
0.20432;0.00301
0.20325;0.00301
0.20218;0.003
0.20111;0.003
0.19998;0.003
0.19897;0.00299
0.19785;0.00299
0.19678;0.00299
0.19577;0.00298
0.19473;0.00298
0.1936;0.00298
0.19257;0.00297
0.19147;0.00297
0.19046;0.00297
0.18939;0.00297
0.18829;0.00296
0.18723;0.00296
0.18619;0.00296
0.18512;0.00295
0.18405;0.00295
0.18295;0.00295
0.18188;0.00294
0.18085;0.00294
0.17972;0.00294
0.17871;0.00293
0.17764;0.00293
0.17657;0.00293
0.17554;0.00293
0.17441;0.00292
0.17334;0.00292
0.1723;0.00291
0.17123;0.00291
0.1702;0.00291
0.1691;0.00291
0.16806;0.0029
0.16702;0.0029
0.16586;0.0029
0.16476;0.0029
0.16376;0.0029
0.16269;0.00289
0.16162;0.00289
0.16052;0.00289
0.15945;0.00288
0.15842;0.00288
0.15735;0.00288
0.15628;0.00288
0.15524;0.00287
0.15414;0.00287
0.15308;0.00287
0.15204;0.00287
0.15094;0.00286
0.1499;0.00286
0.1488;0.00286
0.14771;0.00286
0.14673;0.00285
0.14566;0.00285
0.14453;0.00285
0.14349;0.00284
0.14246;0.00284
0.14136;0.00284
0.14032;0.00284
0.13919;0.00284
0.13815;0.00283
0.13705;0.00283
0.13605;0.00283
0.13492;0.00283
0.13388;0.00282
0.13284;0.00282
0.13177;0.00282
0.13068;0.00282
0.12967;0.00281
0.12851;0.00281
0.12753;0.00281
0.12643;0.00281
0.12534;0.00281
0.12424;0.0028
0.12326;0.0028
0.12216;0.0028
0.12106;0.0028
0.12;0.0028
0.1189;0.00279
0.11789;0.00279
0.11679;0.00279
0.11572;0.00279
0.11469;0.00278
0.11362;0.00278
0.11255;0.00278
0.11151;0.00278
0.11038;0.00277
0.10938;0.00277
0.10831;0.00277
0.10724;0.00277
0.10611;0.00277
0.1051;0.00276
0.1041;0.00276
0.10294;0.00276
0.10184;0.00276
0.1008;0.00275
0.09973;0.00275
0.09866;0.00275
0.09763;0.00274
0.0965;0.00274
0.09549;0.00274
0.09442;0.00274
0.09335;0.00274
0.09225;0.00273
0.09119;0.00273
0.09012;0.00273
0.08911;0.00273
0.08795;0.00273
0.08694;0.00273
0.08585;0.00272
0.08478;0.00272
0.08374;0.00272
0.08267;0.00272
0.08163;0.00272
0.08051;0.00271
0.0795;0.00271
0.0784;0.00271
0.0773;0.00271
0.07623;0.00271
0.0752;0.0027
0.07413;0.0027
0.07306;0.0027
0.07199;0.0027
0.07095;0.00269
0.06979;0.00269
0.06879;0.00269
0.06775;0.00269
0.06665;0.00268
0.06561;0.00268
0.06448;0.00268
0.06348;0.00268
0.06241;0.00267
0.06131;0.00267
0.06027;0.00267
0.0592;0.00267
0.05817;0.00267
0.05704;0.00266
0.05594;0.00266
0.0549;0.00266
0.05392;0.00265
0.05276;0.00265
0.05176;0.00264
0.0506;0.00264
0.05003;0.00264
0.04897;0.00264
0.04789;0.00264
0.04682;0.00264
0.04576;0.00263
0.04469;0.00263
0.04362;0.00263
0.04254;0.00263
0.04149;0.00263
0.04041;0.00263
0.03934;0.00263
0.03827;0.00262
0.03721;0.00262
0.03614;0.00262
0.03508;0.00262
0.03401;0.00262
0.03294;0.00262
0.03187;0.00262
0.03081;0.00261
0.02975;0.00261
0.02867;0.00261
0.0276;0.00261
0.02653;0.0026
0.02545;0.0026
0.0244;0.0026
0.02333;0.0026
0.02225;0.0026
0.02118;0.0026
0.02011;0.0026
0.01905;0.00259
0.01797;0.00259
0.01691;0.00259
0.01585;0.00259
0.01478;0.00259
0.0137;0.00259
0.01263;0.00258
0.01157;0.00258
0.0105;0.00258
0.00942;0.00258
0.00836;0.00258
0.00728;0.00258
0.00623;0.00258
0.00514;0.00258
0.00409;0.00257
0.00302;0.00257
0.00194;0.00257
8.75854e-4;0.00257
-2.01416e-4;0.00257
-0.00127;0.00257
-0.00233;0.00256
-0.00341;0.00256
-0.00448;0.00256
-0.00554;0.00256
-0.00659;0.00256
-0.00768;0.00256
-0.00874;0.00256
-0.00982;0.00256
-0.01089;0.00255
-0.01195;0.00255
-0.01301;0.00255
-0.01409;0.00255
-0.01517;0.00255
-0.01622;0.00255
-0.0173;0.00255
-0.01836;0.00254
-0.01944;0.00254
-0.02051;0.00254
-0.02158;0.00254
-0.02265;0.00254
-0.02372;0.00254
-0.02479;0.00254
-0.02585;0.00254
-0.02692;0.00253
-0.02799;0.00253
-0.02905;0.00253
-0.03013;0.00253
-0.03119;0.00253
-0.03227;0.00253
-0.03334;0.00253
-0.0344;0.00253
-0.03547;0.00253
-0.03653;0.00252
-0.03761;0.00252
-0.03868;0.00252
-0.03975;0.00252
-0.04081;0.00252
-0.04187;0.00252
-0.04295;0.00252
-0.04401;0.00252
-0.04508;0.00251
-0.04617;0.00251
-0.04722;0.00251
-0.04829;0.00251
-0.04968;0.00251
-0.05072;0.00251
-0.05179;0.00251
-0.05289;0.00251
-0.05396;0.00251
-0.05502;0.00251
-0.05609;0.00251
-0.05716;0.00251
-0.05823;0.00251
-0.0593;0.00251
-0.06036;0.00251
-0.06143;0.00251
-0.06256;0.00251
-0.0636;0.00251
-0.06464;0.00251
-0.06577;0.0025
-0.06674;0.0025
-0.06784;0.0025
-0.06888;0.0025
-0.06998;0.0025
-0.07104;0.0025
-0.07208;0.0025
-0.07321;0.0025
-0.07422;0.0025
-0.07532;0.0025
-0.07642;0.0025
-0.07742;0.00249
-0.07852;0.00249
-0.07959;0.00249
-0.08066;0.00249
-0.08173;0.00249
-0.08282;0.00249
-0.08386;0.00249
-0.08496;0.00249
-0.08603;0.00249
-0.08707;0.00249
-0.08817;0.00249
-0.08914;0.00249
-0.0903;0.00249
-0.09134;0.00249
-0.09244;0.00249
-0.09348;0.00249
-0.09451;0.00249
-0.09561;0.00249
-0.09668;0.00249
-0.09775;0.00249
-0.09882;0.00249
-0.09985;0.0025
-0.10095;0.0025
-0.10202;0.0025
-0.10306;0.0025
-0.10416;0.0025
-0.10522;0.0025
-0.10629;0.00249
-0.10736;0.00249
-0.10846;0.00249
-0.1095;0.00249
-0.11053;0.00249
-0.1116;0.00249
-0.11273;0.00249
-0.11383;0.00249
-0.11484;0.0025
-0.11591;0.0025
-0.11697;0.0025
-0.11807;0.0025
-0.11911;0.0025
-0.12015;0.0025
-0.12125;0.0025
-0.12231;0.0025
-0.12338;0.0025
-0.12445;0.0025
-0.12552;0.0025
-0.12659;0.0025
-0.12762;0.0025
-0.12875;0.0025
-0.12979;0.0025
-0.13086;0.0025
-0.1319;0.0025
-0.13303;0.0025
-0.13403;0.0025
-0.13513;0.0025
-0.1362;0.0025
-0.13724;0.0025
-0.13831;0.0025
-0.13937;0.0025
-0.1405;0.0025
-0.14157;0.0025
-0.14258;0.0025
-0.14371;0.0025
-0.14474;0.0025
-0.14581;0.00251
-0.14688;0.0025
-0.14795;0.0025
-0.14905;0.00251
-0.15005;0.00251
-0.15115;0.00251
-0.15225;0.00251
-0.15326;0.00251
-0.15442;0.00251
-0.15543;0.00251
-0.15649;0.00251
-0.15753;0.00252
-0.15863;0.00252
-0.15973;0.00252
-0.16074;0.00252
-0.16183;0.00253
-0.1629;0.00253
-0.16394;0.00253
-0.16501;0.00253
-0.16611;0.00254
-0.16721;0.00254
-0.16818;0.00254
-0.16931;0.00254
-0.17038;0.00255
-0.17145;0.00255
-0.17249;0.00255
-0.17355;0.00256
-0.17462;0.00256
-0.17572;0.00256
-0.17682;0.00256
-0.17783;0.00257
-0.17892;0.00257
-0.17999;0.00257
-0.18106;0.00258
-0.18213;0.00258
-0.1832;0.00259
-0.18427;0.00259
-0.18536;0.00259
-0.1864;0.0026
-0.18747;0.0026
-0.18854;0.00261
-0.18961;0.00261
-0.19064;0.00261
-0.19174;0.00262
-0.19281;0.00262
-0.19388;0.00263
-0.19495;0.00264
-0.19595;0.00264
-0.19708;0.00265
-0.19818;0.00265
-0.19922;0.00266
-0.20029;0.00267
-0.20135;0.00267
-0.20245;0.00268
-0.20352;0.00268
-0.20456;0.00269
-0.20566;0.0027
-0.20667;0.0027
-0.20779;0.00271
-0.20883;0.00272
-0.20993;0.00273
-0.211;0.00274
-0.21201;0.00275
-0.21313;0.00276
-0.2142;0.00277
-0.21524;0.00278
-0.21631;0.00279
-0.21744;0.0028
-0.21851;0.00281
-0.21951;0.00282
-0.22061;0.00283
-0.22171;0.00284
-0.22275;0.00285
-0.22382;0.00286
-0.22491;0.00287
-0.22598;0.00289
-0.22705;0.0029
-0.22809;0.00291
-0.22925;0.00293
-0.23022;0.00294
-0.23132;0.00296
-0.23242;0.00298
-0.23343;0.003
-0.23453;0.00302
-0.23557;0.00303
-0.23669;0.00305
-0.23776;0.00307
-0.23886;0.00309
-0.23987;0.00312
-0.24094;0.00314
-0.24203;0.00316
-0.2431;0.00318
-0.24417;0.0032
-0.24524;0.00322
-0.24634;0.00325
-0.24741;0.00328
-0.24844;0.0033
-0.24954;0.00333
-0.25061;0.00336
-0.25174;0.00339
-0.25275;0.00343
-0.25385;0.00346
-0.25488;0.0035
-0.25604;0.00354
-0.25711;0.00358
-0.25812;0.00362
-0.25922;0.00366
-0.26031;0.0037
-0.26135;0.00375
-0.26245;0.00379
-0.26355;0.00384
-0.26459;0.00389
-0.26566;0.00394
-0.26678;0.00399
-0.26785;0.00404
-0.26892;0.0041
-0.27005;0.00415
-0.27106;0.00421
-0.27213;0.00426
-0.27325;0.00431
-0.27432;0.00436
-0.27542;0.00441
-0.2764;0.00446
-0.27756;0.00451
-0.27863;0.00455
-0.27972;0.00459
-0.28079;0.00463
-0.28186;0.00467
-0.2829;0.0047
-0.28397;0.00473
-0.28506;0.00475
-0.2861;0.00478
-0.28717;0.0048
-0.28836;0.00481
-0.2894;0.00483
-0.29044;0.00484
-0.29147;0.00485
-0.29263;0.00486
-0.29367;0.00486
-0.29468;0.00487
-0.29584;0.00487
-0.29688;0.00487
-0.29791;0.00487
-0.29898;0.00487
-0.30008;0.00487
-0.30109;0.00486
-0.30215;0.00486
-0.30325;0.00485
-0.30429;0.00485
-0.30539;0.00484
-0.30643;0.00484
-0.30756;0.00483
-0.30862;0.00482
-0.30963;0.00482
-0.31067;0.00481
-0.31177;0.0048
-0.31287;0.00479
-0.31393;0.00478
-0.31506;0.00477
-0.3161;0.00476
-0.31711;0.00475
-0.31821;0.00474
-0.31931;0.00473
-0.32034;0.00472
-0.32138;0.00471
-0.32248;0.0047
-0.32355;0.00469
-0.32465;0.00468
-0.32565;0.00466
-0.32675;0.00465
-0.32785;0.00464
-0.32886;0.00463
-0.3299;0.00461
-0.33102;0.0046
-0.33206;0.00459
-0.33313;0.00457
-0.3342;0.00456
-0.33524;0.00455
-0.33627;0.00453
-0.33737;0.00452
-0.33847;0.0045
-0.33951;0.00449
-0.34061;0.00447
-0.34167;0.00445
-0.34274;0.00444
-0.34381;0.00442
-0.34479;0.0044
-0.34589;0.00439
-0.34698;0.00437
-0.34805;0.00435
-0.34909;0.00433
-0.35016;0.00432
-0.35129;0.0043
-0.35229;0.00428
-0.35336;0.00426
-0.3544;0.00424
-0.3555;0.00422
-0.35648;0.0042
-0.3576;0.00418
-0.35867;0.00416
-0.35974;0.00414
-0.36081;0.00411
-0.36188;0.00409
-0.36295;0.00407
-0.36395;0.00405
-0.36508;0.00403
-0.36612;0.004
-0.36719;0.00398
-0.36829;0.00396
-0.36935;0.00393
-0.37036;0.00391
-0.37143;0.00389
-0.3725;0.00386
-0.3736;0.00384
-0.37463;0.00381
-0.37573;0.00379
-0.37677;0.00377
-0.37778;0.00374
-0.37888;0.00372
-0.37991;0.00369
-0.38104;0.00367
-0.38208;0.00364
-0.38315;0.00362
-0.38419;0.00359
-0.38535;0.00357
-0.38635;0.00354
-0.38742;0.00352
-0.38846;0.00349
-0.3895;0.00347
-0.39056;0.00344
-0.39166;0.00342
-0.39276;0.00339
-0.39383;0.00337
-0.39487;0.00334
-0.39594;0.00332
-0.39697;0.00329
-0.39801;0.00327
-0.39908;0.00324
-0.40018;0.00322
-0.40125;0.00319
-0.40228;0.00317
-0.40338;0.00314
-0.40439;0.00312
-0.40549;0.0031
-0.40656;0.00307
-0.40759;0.00305
-0.4086;0.00302
-0.40973;0.003
-0.41077;0.00298
-0.41183;0.00295
-0.41293;0.00293
-0.41394;0.0029
-0.41504;0.00288
-0.41611;0.00286
-0.41714;0.00283
-0.41827;0.00281
-0.41928;0.00279
-0.42038;0.00276
-0.42142;0.00274
-0.42255;0.00272
-0.42358;0.0027
-0.42459;0.00267
-0.42575;0.00265
-0.42679;0.00263
-0.4278;0.00261
-0.42886;0.00258
-0.42996;0.00256
-0.43103;0.00254
-0.43207;0.00252
-0.43314;0.00249
-0.43417;0.00247
-0.43521;0.00245
-0.43634;0.00243
-0.43741;0.00241
-0.43848;0.00239
-0.43954;0.00237
-0.44058;0.00234
-0.44165;0.00232
-0.44275;0.0023
-0.44382;0.00228
-0.44482;0.00226
-0.44592;0.00224
-0.44699;0.00222
-0.44803;0.0022
-0.44913;0.00218
-0.4502;0.00216
-0.45129;0.00214
-0.45233;0.00212
-0.45343;0.0021
-0.45447;0.00208
-0.45557;0.00206
-0.45657;0.00204
-0.45758;0.00202
-0.45871;0.002
-0.45984;0.00198
-0.46088;0.00196
-0.46188;0.00194
-0.46298;0.00192
-0.46408;0.0019
-0.46509;0.00188
-0.46619;0.00187
-0.46722;0.00185
-0.46829;0.00183
-0.46942;0.00181
-0.47049;0.00179
-0.47153;0.00177
-0.47253;0.00176
-0.4736;0.00174
-0.4747;0.00172
-0.4758;0.0017
-0.47687;0.00168
-0.47787;0.00167
-0.47897;0.00165
-0.48007;0.00163
-0.48114;0.00161
-0.48218;0.0016
-0.48322;0.00158
-0.48428;0.00156
-0.48535;0.00155
-0.48639;0.00153
-0.48752;0.00151
-0.48865;0.0015
-0.48969;0.00148
-0.49069;0.00146
-0.49176;0.00145
-0.49286;0.00143
-0.49393;0.00142
-0.49493;0.0014
-0.496;0.00138
-0.4971;0.00137
-0.4982;0.00135
-0.49924;0.00134
-0.50034;0.00132
-0.5014;0.00131
-0.50241;0.00129
-0.50354;0.00128
-0.50458;0.00126
-0.50562;0.00125
-0.50671;0.00123
-0.50778;0.00122
-0.50882;0.00121
-0.50989;0.00119
-0.51089;0.00118
-0.51202;0.00116
-0.51312;0.00115
-0.51416;0.00113
-0.51526;0.00112
-0.5163;0.00111
-0.51733;0.00109
-0.51837;0.00108
-0.51953;0.00107
-0.52054;0.00105
-0.52161;0.00104
-0.52267;0.00103
-0.52377;0.00101
-0.52484;0.001
-0.52588;9.8938e-4
-0.52695;9.76563e-4
-0.52805;9.64355e-4
-0.52905;9.51843e-4
-0.53018;9.39636e-4
-0.53125;9.27429e-4
-0.53229;9.15222e-4
-0.53336;9.0332e-4
-0.53445;8.91418e-4
-0.53549;8.79822e-4
-0.53659;8.68225e-4
-0.5376;8.56323e-4
-0.53873;8.45337e-4
-0.53976;8.34045e-4
-0.54083;8.22754e-4
-0.5419;8.11462e-4
-0.54294;8.00476e-4
-0.54404;7.8949e-4
-0.54514;7.78809e-4
-0.5462;7.68127e-4
-0.54721;7.57446e-4
-0.54828;7.46765e-4
-0.54944;7.36694e-4
-0.55048;7.26318e-4
-0.55151;7.15942e-4
-0.55255;7.05872e-4
-0.55362;6.95801e-4
-0.55475;6.86035e-4
-0.55579;6.7627e-4
-0.55682;6.66199e-4
-0.55792;6.56738e-4
-0.55899;6.47278e-4
-0.56009;6.37817e-4
-0.56107;6.28357e-4
-0.56219;6.18896e-4
-0.56329;6.10046e-4
-0.5643;6.00891e-4
-0.56543;5.91736e-4
-0.56647;5.82886e-4
-0.5675;5.74036e-4
-0.56863;5.65186e-4
-0.56964;5.56641e-4
-0.57071;5.48401e-4
-0.57178;5.39856e-4
-0.57291;5.31616e-4
-0.57391;5.23376e-4
-0.57498;5.15137e-4
-0.57605;5.06897e-4
-0.57715;4.98657e-4
-0.57816;4.90784e-4
-0.57916;4.82849e-4
-0.58029;4.7522e-4
-0.58133;4.6759e-4
-0.5824;4.60083e-4
-0.58344;4.52454e-4
-0.58459;4.44946e-4
-0.58557;4.37683e-4
-0.58664;4.30603e-4
-0.58771;4.23401e-4
-0.58878;4.16046e-4
-0.58987;4.09149e-4
-0.59097;4.02405e-4
-0.59201;3.95508e-4
-0.59305;3.8858e-4
-0.59415;3.81744e-4
-0.59515;3.75214e-4
-0.59625;3.68652e-4
-0.59738;3.62183e-4
-0.59842;3.55652e-4
-0.59952;3.49243e-4
-0.60056;3.42987e-4
-0.60159;3.37067e-4
-0.60266;3.30902e-4
-0.60373;3.24677e-4
-0.60483;3.18695e-4
-0.6059;3.12714e-4
-0.60693;3.07037e-4
-0.608;3.0127e-4
-0.6091;2.9541e-4
-0.61014;2.89825e-4
-0.61124;2.84393e-4
-0.61234;2.78839e-4
-0.61334;2.73376e-4
-0.61441;2.67883e-4
-0.61554;2.6239e-4
-0.61661;2.57233e-4
-0.61761;2.52167e-4
-0.61877;2.46948e-4
-0.61975;2.4176e-4
-0.62082;2.36786e-4
-0.62189;2.31873e-4
-0.62296;2.2699e-4
-0.62408;2.22229e-4
-0.62509;2.17255e-4
-0.62616;2.12646e-4
-0.62729;2.08069e-4
-0.62836;2.03491e-4
-0.62936;1.98944e-4
-0.63037;1.94458e-4
-0.63147;1.89972e-4
-0.63257;1.8576e-4
-0.63361;1.81427e-4
-0.6347;1.77032e-4
-0.6358;1.72852e-4
-0.63684;1.68701e-4
-0.63788;1.64642e-4
-0.63901;1.60736e-4
-0.64008;1.56647e-4
-0.64108;1.52679e-4
-0.64215;1.48682e-4
-0.64319;1.44958e-4
-0.64432;1.41174e-4
-0.64536;1.3736e-4
-0.64642;1.33667e-4
-0.64749;1.30005e-4
-0.64859;1.26465e-4
-0.64963;1.23047e-4
-0.65073;1.19415e-4
-0.65176;1.15814e-4
-0.65289;1.12549e-4
-0.65393;1.09192e-4
-0.655;1.05896e-4
-0.6561;1.02509e-4
-0.6571;9.93652e-5
-0.65817;9.61304e-5
-0.65927;9.30481e-5
-0.66031;9.00574e-5
-0.66141;8.69141e-5
-0.66254;8.36487e-5
-0.66367;8.06885e-5
-0.6647;7.79114e-5
-0.66583;7.51038e-5
-0.66687;7.2113e-5
-0.66794;6.92749e-5
-0.66904;6.64978e-5
-0.67004;6.39038e-5
-0.67111;6.12793e-5
-0.67218;5.85327e-5
-0.67325;5.58167e-5
-0.67432;5.33447e-5
-0.67538;5.08423e-5
-0.67642;4.83093e-5
-0.67749;4.57153e-5
-0.67856;4.33105e-5
-0.67957;4.10553e-5
-0.68063;3.86841e-5
-0.68173;3.6377e-5
-0.68274;3.39996e-5
-0.68384;3.16467e-5
-0.68491;2.96112e-5
-0.68597;2.74872e-5
-0.68701;2.52441e-5
-0.68811;2.3056e-5
-0.68918;2.10022e-5
-0.69022;1.91101e-5
-0.69131;1.71387e-5
-0.69238;1.50482e-5
-0.69342;1.29639e-5
-0.69449;1.10382e-5
-0.69556;9.32312e-6
-0.69662;7.4585e-6
-0.69763;5.56641e-6
-0.69873;3.66821e-6
-0.69983;1.89209e-6
-0.7009;-6.16455e-8
-0.7019;-1.73645e-6
-0.70297;-3.60718e-6
-0.70401;-5.13611e-6
-0.70508;-6.88782e-6
-0.70609;-8.35876e-6
-0.70718;-9.9762e-6
-0.70819;-1.15753e-5
-0.70923;-1.31317e-5
-0.71027;-1.46576e-5
-0.7113;-1.61224e-5
-0.7124;-1.75598e-5
-0.71338;-1.91345e-5
-0.71445;-2.05933e-5
-0.71552;-2.19727e-5
-0.71652;-2.32849e-5
-0.71759;-2.45697e-5
-0.71857;-2.60071e-5
-0.71964;-2.74811e-5
-0.72067;-2.86682e-5
-0.7218;-2.99347e-5
-0.72278;-3.10974e-5
-0.72437;-3.20801e-5
-0.72537;-3.34106e-5
-0.7265;-3.4671e-5
-0.72754;-3.573e-5
-0.72855;-3.68347e-5
-0.72968;-3.815e-5
-0.73068;-3.93616e-5
-0.73181;-4.04419e-5
-0.73291;-4.15619e-5
-0.73398;-4.25018e-5
-0.73502;-4.37103e-5
-0.73602;-4.47876e-5
-0.73715;-4.57458e-5
-0.73822;-4.67224e-5
-0.73929;-4.77295e-5
-0.74036;-4.88281e-5
-0.74142;-4.98657e-5
-0.74243;-5.05676e-5
-0.74353;-5.16357e-5
-0.74463;-5.24902e-5
-0.74567;-5.35583e-5
-0.7467;-5.45349e-5
-0.7478;-5.52368e-5
-0.74887;-5.60608e-5
-0.74988;-5.70679e-5
-0.75165;-5.79834e-5
-0.75256;-5.89294e-5
-0.75348;-5.96924e-5
-0.75531;-6.03943e-5
-0.75592;-6.12793e-5
-0.75684;-6.21338e-5
-0.75775;-6.29272e-5
-0.75928;-6.36292e-5
-0.76019;-6.44531e-5
-0.7608;-6.53076e-5
-0.76263;-6.604e-5
-0.76324;-6.68335e-5
-0.76416;-6.73828e-5
-0.76508;-6.81763e-5
-0.7666;-6.90308e-5
-0.76782;-6.96411e-5
-0.76813;-7.03735e-5
-0.76996;-7.10144e-5
-0.77087;-7.16553e-5
-0.77209;-7.25098e-5
-0.77301;-7.32117e-5
-0.77362;-7.3822e-5
-0.77515;-7.44324e-5
-0.77606;-7.49817e-5
-0.77728;-7.57751e-5
-0.77789;-7.65076e-5
-0.77972;-7.70874e-5
-0.78064;-7.76978e-5
-0.78156;-7.82776e-5
-0.78278;-7.89795e-5
-0.784;-7.95288e-5
-0.78491;-8.00476e-5
-0.78583;-8.07495e-5
-0.78644;-8.11768e-5
-0.78827;-8.19092e-5
-0.78888;-8.25195e-5
-0.7901;-8.31299e-5
-0.79132;-8.37402e-5
-0.79224;-8.41675e-5
-0.79376;-8.48694e-5
-0.79437;-8.54492e-5
-0.79498;-8.60291e-5
-0.79651;-8.64258e-5
-0.79773;-8.70361e-5
-0.79865;-8.7677e-5
-0.79987;-8.83484e-5
-0.80048;-8.87146e-5
-0.802;-8.9325e-5
-0.80322;-8.98132e-5
-0.80444;-9.03625e-5
-0.80505;-9.09729e-5
-0.80597;-9.13696e-5
-0.80719;-9.17969e-5
-0.80872;-9.24683e-5
-0.80933;-9.29565e-5
-0.81055;-9.36584e-5
-0.81116;-9.39941e-5
-0.81207;-9.45435e-5
-0.81329;-9.50317e-5
-0.81512;-9.57336e-5
-0.81573;-9.60999e-5
-0.81757;-9.65271e-5
-0.81757;-9.69238e-5
-0.81909;-9.75952e-5
-0.82001;-9.81445e-5
-0.82153;-9.85718e-5
-0.82184;-9.8999e-5
-0.82336;-9.94873e-5
-0.82428;-1.00128e-4
-0.8255;-1.00616e-4
-0.82611;-1.01105e-4
-0.82764;-1.01471e-4
-0.82825;-1.01898e-4
-0.82947;-1.02631e-4
-0.83069;-1.0318e-4
-0.83191;-1.03668e-4
-0.83282;-1.04034e-4
-0.83374;-1.04462e-4
-0.83466;-1.05164e-4
-0.83588;-1.05591e-4
-0.83679;-1.0611e-4
-0.83832;-1.06567e-4
-0.83923;-1.07025e-4
-0.84076;-1.07727e-4
-0.84167;-1.08154e-4
-0.84259;-1.08612e-4
-0.84351;-1.091e-4
-0.84473;-1.09619e-4
-0.84595;-1.10168e-4
-0.84656;-1.10748e-4
-0.84839;-1.11145e-4
-0.849;-1.11694e-4
-0.84961;-1.12183e-4
-0.85114;-1.12885e-4
-0.85144;-1.13464e-4
-0.85297;-1.13831e-4
-0.85388;-1.1438e-4
-0.8551;-1.1496e-4
-0.85632;-1.15631e-4
-0.85754;-1.16272e-4
-0.85846;-1.16669e-4
-0.85968;-1.17279e-4
-0.8606;-1.17828e-4
-0.86182;-1.18469e-4
-0.86273;-1.19019e-4
-0.86334;-1.19446e-4
-0.86517;-1.20026e-4
-0.86548;-1.20667e-4
-0.867;-1.21338e-4
-0.86761;-1.21918e-4
-0.86914;-1.22467e-4
-0.86975;-1.23047e-4
-0.87128;-1.23718e-4
-0.87219;-1.24359e-4
-0.87311;-1.25061e-4
-0.87433;-1.2561e-4
-0.87524;-1.26099e-4
-0.87677;-1.26953e-4
-0.87769;-1.27533e-4
-0.8786;-1.28235e-4
-0.88013;-1.28754e-4
-0.88074;-1.29333e-4
-0.88226;-1.30066e-4
-0.88287;-1.30768e-4
-0.8844;-1.3147e-4
-0.88531;-1.32019e-4
-0.88593;-1.32568e-4
-0.88745;-1.33362e-4
-0.88806;-1.34094e-4
-0.88959;-1.34705e-4
-0.8905;-1.35406e-4
-0.89172;-1.35986e-4
-0.89264;-1.3678e-4
-0.89386;-1.37665e-4
-0.89508;-1.38184e-4
-0.89569;-1.38855e-4
-0.89691;-1.39526e-4
-0.89783;-1.40289e-4
-0.89874;-1.40991e-4
-0.89996;-1.41663e-4
-0.90149;-1.42365e-4
-0.9024;-1.43097e-4
-0.90302;-1.43951e-4
-0.90424;-1.44714e-4
-0.90576;-1.45325e-4
-0.90637;-1.46118e-4
-0.9079;-1.46881e-4
-0.90912;-1.47827e-4
-0.90942;-1.48651e-4
-0.91064;-1.49292e-4
-0.91156;-1.50116e-4
-0.91339;-1.50909e-4
-0.914;-1.51764e-4
-0.91522;-1.52618e-4
-0.91644;-1.53381e-4
-0.91736;-1.54236e-4
-0.91766;-1.55182e-4
-0.91919;-1.56128e-4
-0.92072;-1.57104e-4
-0.92163;-1.57867e-4
-0.92255;-1.58783e-4
-0.92377;-1.59637e-4
-0.92468;-1.60645e-4
-0.9259;-1.61682e-4
-0.92682;-1.62506e-4
-0.92773;-1.63422e-4
-0.92926;-1.64642e-4
-0.92987;-1.65588e-4
-0.93109;-1.66565e-4
-0.93231;-1.67633e-4
-0.93292;-1.68518e-4
-0.93445;-1.69769e-4
-0.93536;-1.70715e-4
-0.93658;-1.71936e-4
-0.9375;-1.73065e-4
-0.93872;-1.74683e-4
-0.93994;-1.75659e-4
-0.94055;-1.76636e-4
-0.94208;-1.77765e-4
-0.94299;-1.78772e-4
-0.9436;-1.79749e-4
-0.94482;-1.81061e-4
-0.94604;-1.82373e-4
-0.94727;-1.83441e-4
-0.94818;-1.84662e-4
-0.9491;-1.85791e-4
-0.95032;-1.87164e-4
-0.95123;-1.88416e-4
-0.95215;-1.89606e-4
-0.95367;-1.90826e-4
-0.95459;-1.92108e-4
-0.95551;-1.93542e-4
-0.95673;-1.94824e-4
-0.95795;-1.96045e-4
-0.95886;-1.97418e-4
-0.95947;-1.987e-4
-0.96039;-2.00287e-4
-0.96222;-2.01813e-4
-0.96313;-2.03125e-4
-0.96405;-2.04651e-4
-0.96527;-2.06238e-4
-0.9668;-2.07916e-4
-0.96741;-2.09747e-4
-0.96832;-2.11304e-4
-0.96924;-2.12982e-4
-0.97076;-2.14874e-4
-0.97168;-2.16675e-4
-0.9726;-2.18567e-4
-0.97382;-2.20215e-4
-0.97534;-2.22076e-4
-0.97626;-2.23999e-4
-0.97748;-2.26074e-4
-0.97839;-2.27814e-4
-0.97931;-2.29675e-4
-0.97992;-2.31628e-4
-0.98114;-2.33734e-4
-0.98236;-2.35596e-4
-0.98297;-2.37701e-4
-0.9845;-2.39594e-4
-0.98602;-2.4173e-4
-0.98633;-2.44019e-4
-0.98785;-2.46094e-4
-0.98907;-2.48199e-4
-0.98999;-2.50275e-4
-0.99121;-2.52625e-4
-0.99213;-2.55066e-4
-0.99335;-2.57446e-4
-0.99426;-2.59857e-4
-0.99579;-2.62238e-4
-0.99609;-2.64618e-4
-0.99731;-2.67212e-4
-0.99792;-2.69836e-4
-0.99945;-2.72339e-4
-1.00067;-2.74811e-4
-1.00006;-2.35596e-4
-0.99823;-2.13074e-4
-0.99731;-1.96381e-4
-0.99701;-1.82556e-4
-0.99518;-1.70715e-4
-0.99396;-1.60156e-4
-0.99304;-1.50513e-4
-0.99213;-1.41785e-4
-0.9906;-1.33301e-4
-0.98969;-1.25275e-4
-0.98816;-1.17767e-4
-0.98724;-1.10718e-4
-0.98694;-1.03821e-4
-0.98602;-9.70764e-5
-0.98511;-9.08508e-5
-0.98358;-8.47473e-5
-0.98206;-7.87964e-5
-0.98114;-7.31506e-5
-0.98022;-6.73523e-5
-0.97931;-6.18896e-5
-0.97809;-5.67017e-5
-0.97717;-5.16052e-5
-0.97565;-4.64478e-5
-0.97504;-4.13788e-5
-0.97351;-3.65143e-5
-0.9729;-3.1781e-5
-0.97229;-2.72308e-5
-0.97076;-2.26044e-5
-0.96893;-1.79596e-5
-0.96832;-1.35284e-5
-0.96771;-9.25903e-6
-0.96619;-4.98657e-6
-0.96558;-7.13806e-7
-0.96436;3.49731e-6
-0.96344;7.72095e-6
-0.96191;1.17828e-5
-0.961;1.586e-5
-0.95978;1.97235e-5
-0.95886;2.36725e-5
-0.95764;2.77069e-5
-0.95673;3.15918e-5
-0.95551;3.508e-5
-0.95428;3.91235e-5
-0.95337;4.31305e-5
-0.95215;4.70581e-5
-0.95154;5.08423e-5
-0.95062;5.46265e-5
-0.9491;5.83801e-5
-0.94849;6.19507e-5
-0.94727;6.54602e-5
-0.94635;6.8634e-5
-0.94513;7.18689e-5
-0.9436;7.51953e-5
-0.94269;7.8186e-5
-0.94147;8.12378e-5
-0.94025;8.41675e-5
-0.93933;8.69141e-5
-0.93842;8.99658e-5
-0.93719;9.33838e-5
-0.93658;9.58252e-5
-0.93536;9.83276e-5
-0.93445;1.00891e-4
-0.93323;1.03516e-4
-0.93231;1.06079e-4
-0.93109;1.0849e-4
-0.93079;1.10931e-4
-0.92896;1.13373e-4
-0.92773;1.15906e-4
-0.92712;1.18378e-4
-0.92621;1.20514e-4
-0.92468;1.22803e-4
-0.92346;1.25031e-4
-0.92194;1.2738e-4
-0.92133;1.2973e-4
-0.9201;1.31744e-4
-0.91949;1.3382e-4
-0.91766;1.35956e-4
-0.91705;1.38031e-4
-0.91614;1.40137e-4
-0.91492;1.42029e-4
-0.914;1.43982e-4
-0.91278;1.45752e-4
-0.91217;1.47736e-4
-0.91125;1.49597e-4
-0.90973;1.51184e-4
-0.90851;1.52771e-4
-0.90729;1.5448e-4
-0.90668;1.56097e-4
-0.90515;1.57532e-4
-0.90515;1.58783e-4
-0.90363;1.59943e-4
-0.9024;1.61224e-4
-0.90118;1.62323e-4
-0.90027;1.63269e-4
-0.89935;1.64001e-4
-0.89783;1.64612e-4
-0.89691;1.65314e-4
-0.896;1.6571e-4
-0.89478;1.66016e-4
-0.89386;1.65985e-4
-0.89203;1.65833e-4
-0.89172;1.65771e-4
-0.8905;1.65436e-4
-0.88989;1.64917e-4
-0.88837;1.64246e-4
-0.88776;1.63391e-4
-0.88593;1.62567e-4
-0.88501;1.61499e-4
-0.88409;1.60278e-4
-0.88348;1.59119e-4
-0.88257;1.57776e-4
-0.88074;1.56586e-4
-0.87982;1.55273e-4
-0.87891;1.53748e-4
-0.87738;1.52374e-4
-0.87616;1.50909e-4
-0.87524;1.49628e-4
-0.87433;1.48102e-4
-0.87341;1.46667e-4
-0.8725;1.45386e-4
-0.87128;1.4389e-4
-0.87067;1.4267e-4
-0.86884;1.41418e-4
-0.86761;1.40076e-4
-0.867;1.38733e-4
-0.86609;1.37482e-4
-0.86426;1.36383e-4
-0.86304;1.35254e-4
-0.86304;1.34094e-4
-0.86212;1.32965e-4
-0.8609;1.31897e-4
-0.85938;1.3092e-4
-0.85815;1.30035e-4
-0.85785;1.28967e-4
-0.85602;1.28113e-4
-0.8551;1.27258e-4
-0.85419;1.26465e-4
-0.85297;1.25702e-4
-0.85205;1.24664e-4
-0.85083;1.23932e-4
-0.84991;1.23474e-4
-0.84869;1.22711e-4