Potential;Current
-0.84778;1.69586e-4
-0.84595;1.67694e-4
-0.84595;1.64642e-4
-0.84473;1.716e-4
-0.84351;1.73248e-4
-0.84229;1.69739e-4
-0.84106;1.67542e-4
-0.83984;1.64764e-4
-0.83923;1.73401e-4
-0.83832;1.73309e-4
-0.8371;1.69922e-4
-0.83618;1.67236e-4
-0.83527;1.66199e-4
-0.83344;1.75079e-4
-0.83252;1.73218e-4
-0.83191;1.70227e-4
-0.83099;1.67511e-4
-0.82977;1.67816e-4
-0.82855;1.76666e-4
-0.82764;1.73096e-4
-0.82581;1.71051e-4
-0.8255;1.67694e-4
-0.82428;1.69586e-4
-0.82397;1.7746e-4
-0.82184;1.73035e-4
-0.82153;1.71234e-4
-0.8194;1.67725e-4
-0.81818;1.72791e-4
-0.81818;1.78162e-4
-0.81604;1.73981e-4
-0.81512;1.72302e-4
-0.81482;1.68915e-4
-0.81329;1.75293e-4
-0.81238;1.78772e-4
-0.81116;1.74469e-4
-0.81024;1.73065e-4
-0.80933;1.70807e-4
-0.80841;1.78467e-4
-0.80719;1.79443e-4
-0.80566;1.76117e-4
-0.80505;1.73737e-4
-0.80444;1.72241e-4
-0.80261;1.81061e-4
-0.8017;1.80542e-4
-0.80017;1.7746e-4
-0.80017;1.75079e-4
-0.79834;1.75018e-4
-0.79773;1.84052e-4
-0.79651;1.81519e-4
-0.7962;1.79138e-4
-0.79407;1.76361e-4
-0.79346;1.77826e-4
-0.79224;1.86584e-4
-0.79132;1.83014e-4
-0.79071;1.81122e-4
-0.78918;1.77887e-4
-0.78827;1.81915e-4
-0.78674;1.88416e-4
-0.78552;1.84052e-4
-0.78491;1.82892e-4
-0.784;1.79688e-4
-0.78217;1.85608e-4
-0.78125;1.90063e-4
-0.78064;1.85974e-4
-0.77942;1.84631e-4
-0.77911;1.82037e-4
-0.77759;1.89484e-4
-0.77606;1.91528e-4
-0.77515;1.8808e-4
-0.77393;1.86127e-4
-0.77301;1.8399e-4
-0.77179;1.92719e-4
-0.77057;1.9278e-4
-0.76965;1.89423e-4
-0.76874;1.87317e-4
-0.76782;1.86523e-4
-0.76721;1.95679e-4
-0.76569;1.93848e-4
-0.76385;1.91254e-4
-0.76294;1.8869e-4
-0.76233;1.8927e-4
-0.76111;1.98364e-4
-0.75989;1.94794e-4
-0.75897;1.92871e-4
-0.75836;1.89667e-4
-0.75623;1.92596e-4
-0.75623;2.00348e-4
-0.755;1.95831e-4
-0.75409;1.94275e-4
-0.75256;1.90552e-4
-0.75134;1.95984e-4
-0.75012;2.01324e-4
-0.74942;1.96838e-4
-0.74829;1.95251e-4
-0.74707;1.92261e-4
-0.74576;1.98608e-4
-0.74484;2.01874e-4
-0.74374;1.9751e-4
-0.74301;1.95679e-4
-0.74185;1.93176e-4
-0.74063;2.0108e-4
-0.73944;2.02026e-4
-0.73856;1.98547e-4
-0.73743;1.96106e-4
-0.73663;1.94763e-4
-0.73529;2.03766e-4
-0.73419;2.02576e-4
-0.73288;1.98944e-4
-0.7319;1.96747e-4
-0.73083;1.96472e-4
-0.73001;2.05414e-4
-0.72906;2.02728e-4
-0.72772;2.00378e-4
-0.72672;1.97174e-4
-0.72568;1.98395e-4
-0.72488;2.07092e-4
-0.7236;2.02881e-4
-0.72247;2.00958e-4
-0.72125;1.97418e-4
-0.72028;2.01385e-4
-0.71933;2.07672e-4
-0.71808;2.02881e-4
-0.71729;2.01294e-4
-0.71588;1.97906e-4
-0.71475;2.03888e-4
-0.71384;2.07855e-4
-0.7131;2.03583e-4
-0.71222;2.01935e-4
-0.71088;1.99066e-4
-0.70953;2.06573e-4
-0.70847;2.08374e-4
-0.70749;2.04376e-4
-0.7066;2.02423e-4
-0.70529;2.00348e-4
-0.70425;2.09076e-4
-0.70319;2.08801e-4
-0.70209;2.05383e-4
-0.70099;2.0343e-4
-0.70023;2.02393e-4
-0.69919;2.1167e-4
-0.69794;2.09625e-4
-0.69687;2.06848e-4
-0.69586;2.04437e-4
-0.69489;2.05048e-4
-0.69357;2.14294e-4
-0.69281;2.10724e-4
-0.69162;2.08679e-4
-0.69049;2.05505e-4
-0.68906;2.08344e-4
-0.68829;2.16187e-4
-0.68716;2.11853e-4
-0.68619;2.10236e-4
-0.68533;2.07031e-4
-0.68405;2.12341e-4
-0.68274;2.17407e-4
-0.68182;2.13013e-4
-0.68069;2.11761e-4
-0.67987;2.0871e-4
-0.67886;2.15576e-4
-0.67755;2.18567e-4
-0.67654;2.14752e-4
-0.67545;2.13196e-4
-0.67456;2.1106e-4
-0.67352;2.1936e-4
-0.67252;2.20215e-4
-0.67068;2.16858e-4
-0.67017;2.14966e-4
-0.66898;2.13531e-4
-0.66803;2.23083e-4
-0.66708;2.22076e-4
-0.66583;2.19299e-4
-0.66467;2.16949e-4
-0.66379;2.17255e-4
-0.66266;2.26501e-4
-0.66168;2.23602e-4
-0.6604;2.21619e-4
-0.65958;2.18933e-4
-0.65833;2.20978e-4
-0.65732;2.29919e-4
-0.65634;2.25647e-4
-0.65512;2.24152e-4
-0.65433;2.20734e-4
-0.65314;2.25586e-4
-0.65204;2.31995e-4
-0.65085;2.27722e-4
-0.6499;2.26563e-4
-0.64902;2.24854e-4
-0.64767;2.31018e-4
-0.6467;2.35229e-4
-0.64557;2.31049e-4
-0.64474;2.29767e-4
-0.64337;2.27753e-4
-0.64236;2.36053e-4
-0.64142;2.37762e-4
-0.64041;2.34436e-4
-0.63919;2.32574e-4
-0.638;2.31506e-4
-0.63702;2.40936e-4
-0.63629;2.40753e-4
-0.63507;2.37732e-4
-0.634;2.35962e-4
-0.63306;2.36267e-4
-0.63184;2.46216e-4
-0.63077;2.43896e-4
-0.6297;2.4176e-4
-0.62827;2.39532e-4
-0.62704;2.41241e-4
-0.62653;2.50977e-4
-0.6254;2.47162e-4
-0.6243;2.46246e-4
-0.62338;2.4353e-4
-0.62222;2.48291e-4
-0.62109;2.5592e-4
-0.62018;2.5177e-4
-0.61902;2.50824e-4
-0.61783;2.48596e-4
-0.61685;2.55219e-4
-0.6163;2.6059e-4
-0.61475;2.5647e-4
-0.61368;2.5589e-4
-0.61249;2.53937e-4
-0.61121;2.62817e-4
-0.61014;2.6535e-4
-0.60956;2.6236e-4
-0.60812;2.61322e-4
-0.60733;2.60712e-4
-0.60626;2.70752e-4
-0.60519;2.7121e-4
-0.60397;2.68585e-4
-0.60287;2.67395e-4
-0.60159;2.68127e-4
-0.60095;2.78656e-4
-0.59976;2.77222e-4
-0.59866;2.75909e-4
-0.59784;2.742e-4
-0.59662;2.76581e-4
-0.59576;2.87079e-4
-0.59427;2.84027e-4
-0.59323;2.83264e-4
-0.59253;2.81067e-4
-0.59094;2.87109e-4
-0.59045;2.94952e-4
-0.58932;2.91595e-4
-0.58795;2.91412e-4
-0.58713;2.89795e-4
-0.58575;2.97485e-4
-0.58447;3.03192e-4
-0.58344;3.00018e-4
-0.58218;3.00415e-4
-0.58145;2.995e-4
-0.58041;3.08899e-4
-0.57898;3.12378e-4
-0.57834;3.10272e-4
-0.57684;3.10242e-4
-0.57578;3.10089e-4
-0.57489;3.20984e-4
-0.57385;3.22144e-4
-0.57278;3.20648e-4
-0.57172;3.20313e-4
-0.57092;3.21991e-4
-0.56967;3.33557e-4
-0.56848;3.32825e-4
-0.56726;3.32275e-4
-0.56644;3.31604e-4
-0.56512;3.35266e-4
-0.56479;3.46466e-4
-0.56305;3.44482e-4
-0.56213;3.45001e-4
-0.56104;3.43781e-4
-0.56003;3.50616e-4
-0.55902;3.59283e-4
-0.55801;3.5675e-4
-0.55658;3.58002e-4
-0.55585;3.57391e-4
-0.55469;3.66425e-4
-0.55344;3.72772e-4
-0.55246;3.70758e-4
-0.55142;3.72009e-4
-0.55023;3.72162e-4
-0.54959;3.8324e-4
-0.5481;3.87177e-4
-0.54715;3.8623e-4
-0.54599;3.87177e-4
-0.54495;3.88733e-4
-0.54395;4.0097e-4
-0.5426;4.02557e-4
-0.54178;4.02313e-4
-0.54041;4.03229e-4
-0.54001;4.06769e-4
-0.5386;4.19403e-4
-0.53769;4.19006e-4
-0.53619;4.20105e-4
-0.53528;4.20197e-4
-0.53387;4.26483e-4
-0.53281;4.38232e-4
-0.53226;4.36829e-4
-0.53104;4.38843e-4
-0.53021;4.38965e-4
-0.52917;4.48242e-4
-0.52774;4.56879e-4
-0.52698;4.55872e-4
-0.52588;4.58496e-4
-0.5246;4.59473e-4
-0.52371;4.70825e-4
-0.52271;4.76807e-4
-0.52145;4.76685e-4
-0.52045;4.79126e-4
-0.51913;4.80957e-4
-0.51846;4.94385e-4
-0.51721;4.98352e-4
-0.51614;4.99268e-4
-0.51526;5.01404e-4
-0.51437;5.05371e-4
-0.51285;5.19409e-4
-0.51205;5.20935e-4
-0.51096;5.22766e-4
-0.50961;5.24597e-4
-0.50891;5.31006e-4
-0.50797;5.45044e-4
-0.50647;5.45044e-4
-0.50574;5.48096e-4
-0.50446;5.49622e-4
-0.50336;5.59998e-4
-0.50198;5.70679e-4
-0.50156;5.70984e-4
-0.50003;5.74646e-4
-0.49863;5.77087e-4
-0.49817;5.896e-4
-0.49731;5.97839e-4
-0.49573;5.9906e-4
-0.49451;6.03027e-4
-0.4938;6.06689e-4
-0.49289;6.21033e-4
-0.49179;6.26526e-4
-0.49051;6.28967e-4
-0.48959;6.32629e-4
-0.4888;6.38123e-4
-0.48734;6.53687e-4
-0.48608;6.57349e-4
-0.48535;6.61011e-4
-0.4838;6.64673e-4
-0.48294;6.71997e-4
-0.48245;6.87866e-4
-0.48129;6.90002e-4
-0.4798;6.9458e-4
-0.47903;6.97937e-4
-0.4776;7.09229e-4
-0.47696;7.22656e-4
-0.47543;7.24792e-4
-0.47452;7.30286e-4
-0.47342;7.34253e-4
-0.47269;7.48596e-4
-0.47134;7.59277e-4
-0.47018;7.62329e-4
-0.46909;7.68127e-4
-0.46848;7.73315e-4
-0.4671;7.89795e-4
-0.46576;7.98035e-4
-0.46515;8.02307e-4
-0.46384;8.08105e-4
-0.46313;8.1543e-4
-0.46188;8.3313e-4
-0.46066;8.39233e-4
-0.45944;8.45032e-4
-0.45853;8.50525e-4
-0.45758;8.60596e-4
-0.45663;8.78601e-4
-0.45523;8.83179e-4
-0.45432;8.90198e-4
-0.45358;8.95691e-4
-0.45236;9.09729e-4
-0.45132;9.25598e-4
-0.44995;9.30176e-4
-0.44888;9.37805e-4
-0.44806;9.44519e-4
-0.44684;9.61304e-4
-0.44601;9.74731e-4
-0.44473;9.80225e-4
-0.44394;9.8877e-4
-0.4425;9.96704e-4
-0.4415;0.00102
-0.44022;0.00103
-0.43921;0.00103
-0.4382;0.00104
-0.43735;0.00105
-0.43613;0.00107
-0.43549;0.00108
-0.43402;0.00109
-0.43311;0.0011
-0.43182;0.00111
-0.43079;0.00113
-0.43011;0.00114
-0.42896;0.00115
-0.4277;0.00116
-0.42679;0.00118
-0.42575;0.00119
-0.42447;0.0012
-0.4231;0.00121
-0.42212;0.00122
-0.42105;0.00124
-0.42004;0.00126
-0.41901;0.00127
-0.41791;0.00128
-0.41702;0.00129
-0.41599;0.00131
-0.41501;0.00133
-0.41409;0.00134
-0.41296;0.00135
-0.41147;0.00136
-0.41025;0.00139
-0.40924;0.0014
-0.40829;0.00141
-0.40723;0.00142
-0.40613;0.00144
-0.40527;0.00147
-0.40433;0.00148
-0.40308;0.00149
-0.40204;0.0015
-0.40051;0.00152
-0.40009;0.00155
-0.39951;0.00156
-0.39774;0.00157
-0.39688;0.00159
-0.39572;0.00161
-0.39432;0.00163
-0.39316;0.00164
-0.39227;0.00166
-0.39136;0.00167
-0.39041;0.0017
-0.38928;0.00172
-0.3884;0.00173
-0.38721;0.00175
-0.38577;0.00176
-0.38516;0.00179
-0.384;0.00181
-0.38297;0.00182
-0.38217;0.00184
-0.38058;0.00186
-0.37973;0.00189
-0.3783;0.0019
-0.37726;0.00192
-0.37631;0.00194
-0.37534;0.00196
-0.37448;0.00199
-0.37317;0.002
-0.37222;0.00202
-0.37076;0.00204
-0.37;0.00207
-0.36902;0.00209
-0.36813;0.0021
-0.36716;0.00212
-0.36603;0.00214
-0.3649;0.00217
-0.36368;0.00219
-0.36301;0.00221
-0.36133;0.00223
-0.36038;0.00225
-0.35947;0.00228
-0.35855;0.0023
-0.35721;0.00232
-0.35602;0.00234
-0.35464;0.00237
-0.35382;0.0024
-0.35275;0.00242
-0.35202;0.00244
-0.35104;0.00246
-0.34988;0.00249
-0.34891;0.00251
-0.34778;0.00253
-0.34686;0.00255
-0.34558;0.00257
-0.34488;0.00261
-0.34384;0.00263
-0.34213;0.00265
-0.34149;0.00267
-0.34021;0.0027
-0.3392;0.00273
-0.33804;0.00275
-0.33664;0.00277
-0.33588;0.0028
-0.33469;0.00282
-0.33359;0.00286
-0.33261;0.00288
-0.33182;0.0029
-0.33057;0.00292
-0.3299;0.00295
-0.32849;0.00298
-0.32776;0.003
-0.3266;0.00303
-0.32562;0.00305
-0.32431;0.00308
-0.3233;0.00311
-0.32214;0.00313
-0.32074;0.00315
-0.31992;0.00318
-0.31885;0.00321
-0.31775;0.00324
-0.31656;0.00326
-0.31561;0.00328
-0.31476;0.00331
-0.31372;0.00334
-0.31244;0.00337
-0.31161;0.00339
-0.3107;0.00341
-0.30939;0.00344
-0.30856;0.00347
-0.30743;0.0035
-0.30615;0.00352
-0.30515;0.00354
-0.30377;0.00357
-0.3028;0.0036
-0.30164;0.00362
-0.30078;0.00365
-0.29968;0.00367
-0.29883;0.0037
-0.29791;0.00373
-0.29648;0.00375
-0.29565;0.00377
-0.2944;0.0038
-0.29327;0.00383
-0.29257;0.00385
-0.29099;0.00387
-0.29031;0.00389
-0.28925;0.00392
-0.28836;0.00395
-0.28668;0.00397
-0.28574;0.00399
-0.28461;0.00401
-0.28412;0.00403
-0.28278;0.00406
-0.28192;0.00408
-0.28073;0.0041
-0.27954;0.00412
-0.27847;0.00414
-0.27759;0.00416
-0.27646;0.00418
-0.27551;0.0042
-0.27444;0.00422
-0.27322;0.00424
-0.27179;0.00426
-0.27127;0.00428
-0.26996;0.00429
-0.26898;0.00431
-0.26761;0.00433
-0.26691;0.00435
-0.26575;0.00436
-0.26477;0.00438
-0.26364;0.00439
-0.26245;0.00441
-0.26123;0.00443
-0.26041;0.00444
-0.25961;0.00445
-0.25836;0.00447
-0.25702;0.00449
-0.25623;0.0045
-0.2551;0.00451
-0.25385;0.00452
-0.2525;0.00454
-0.25201;0.00455
-0.25104;0.00456
-0.24951;0.00458
-0.24866;0.00459
-0.2478;0.0046
-0.24658;0.00461
-0.24536;0.00462
-0.24475;0.00463
-0.24341;0.00464
-0.24219;0.00466
-0.24155;0.00467
-0.2402;0.00468
-0.23898;0.00469
-0.23813;0.0047
-0.237;0.00471
-0.23566;0.00472
-0.23499;0.00473
-0.23383;0.00473
-0.23282;0.00474
-0.23206;0.00476
-0.23062;0.00476
-0.22934;0.00477
-0.22873;0.00478
-0.22717;0.00479
-0.22647;0.0048
-0.22534;0.00481
-0.22424;0.00481
-0.22318;0.00482
-0.22198;0.00483
-0.2211;0.00484
-0.21979;0.00484
-0.21881;0.00485
-0.21796;0.00486
-0.21664;0.00487
-0.21582;0.00487
-0.21448;0.00488
-0.21359;0.00488
-0.21198;0.00489
-0.21152;0.0049
-0.2103;0.00491
-0.20923;0.00491
-0.20828;0.00492
-0.20715;0.00492
-0.20609;0.00493
-0.20517;0.00493
-0.20367;0.00494
-0.20294;0.00494
-0.20184;0.00495
-0.20081;0.00496
-0.19977;0.00496
-0.1987;0.00497
-0.19739;0.00497
-0.19653;0.00498
-0.19516;0.00498
-0.19446;0.00499
-0.19324;0.00499
-0.19223;0.005
-0.19101;0.005
-0.19003;0.00501
-0.18903;0.00501
-0.18835;0.00501
-0.18674;0.00502
-0.18573;0.00502
-0.18491;0.00503
-0.18314;0.00503
-0.18259;0.00504
-0.18137;0.00504
-0.18048;0.00505
-0.17935;0.00505
-0.17825;0.00505
-0.1774;0.00505
-0.17627;0.00506
-0.17545;0.00506
-0.17407;0.00507
-0.17288;0.00507
-0.17212;0.00507
-0.17065;0.00507
-0.16977;0.00508
-0.16879;0.00508
-0.16785;0.00508
-0.16666;0.00509
-0.16522;0.00509
-0.16437;0.00509
-0.16327;0.00509
-0.16254;0.0051
-0.16116;0.0051
-0.16025;0.0051
-0.15912;0.0051
-0.15802;0.00511
-0.1571;0.00511
-0.15616;0.00511
-0.15479;0.00511
-0.15396;0.00512
-0.15308;0.00512
-0.15137;0.00512
-0.15051;0.00512
-0.14932;0.00512
-0.14841;0.00512
-0.14716;0.00513
-0.14645;0.00513
-0.14526;0.00513
-0.1442;0.00513
-0.14307;0.00513
-0.14203;0.00513
-0.14117;0.00513
-0.13989;0.00513
-0.13895;0.00514
-0.13803;0.00514
-0.13696;0.00514
-0.13589;0.00514
-0.1344;0.00514
-0.13358;0.00514
-0.13217;0.00514
-0.1315;0.00514
-0.1304;0.00514
-0.12964;0.00514
-0.12857;0.00514
-0.12729;0.00514
-0.12592;0.00514
-0.12448;0.00514
-0.12393;0.00514
-0.12299;0.00514
-0.12164;0.00514
-0.12073;0.00514
-0.11942;0.00514
-0.11838;0.00514
-0.11746;0.00514
-0.11642;0.00514
-0.11536;0.00514
-0.11414;0.00514
-0.11313;0.00514
-0.11234;0.00514
-0.11157;0.00513
-0.11002;0.00513
-0.1091;0.00513
-0.108;0.00513
-0.10687;0.00513
-0.1059;0.00513
-0.10468;0.00512
-0.10309;0.00512
-0.10248;0.00512
-0.10117;0.00512
-0.10049;0.00512
-0.09937;0.00511
-0.09848;0.00511
-0.09726;0.00511
-0.09613;0.00511
-0.09512;0.00511
-0.09387;0.0051
-0.09314;0.0051
-0.09192;0.0051
-0.09091;0.00509
-0.08966;0.00509
-0.08868;0.00509
-0.08752;0.00509
-0.08655;0.00508
-0.08533;0.00508
-0.08481;0.00507
-0.08322;0.00507
-0.08261;0.00507
-0.08118;0.00506
-0.07983;0.00506
-0.07904;0.00505
-0.07788;0.00505
-0.07693;0.00505
-0.0759;0.00504
-0.07471;0.00503
-0.07379;0.00503
-0.07272;0.00502
-0.0719;0.00502
-0.07071;0.00501
-0.06961;0.00501
-0.0683;0.005
-0.06711;0.00499
-0.06616;0.00499
-0.06497;0.00498
-0.0639;0.00497
-0.06287;0.00496
-0.06216;0.00496
-0.061;0.00495
-0.06003;0.00494
-0.05896;0.00493
-0.05786;0.00493
-0.05676;0.00492
-0.05585;0.00491
-0.05444;0.0049
-0.05344;0.00489
-0.05237;0.00488
-0.05145;0.00487
-0.04993;0.00486
-0.04858;0.00485
-0.04797;0.00484
-0.04621;0.00483
-0.04496;0.00482
-0.04378;0.00481
-0.04274;0.0048
-0.04203;0.00479
-0.04066;0.00477
-0.03975;0.00476
-0.03875;0.00475
-0.03755;0.00474
-0.03658;0.00472
-0.03544;0.00471
-0.03422;0.0047
-0.03314;0.00468
-0.03233;0.00467
-0.03116;0.00465
-0.03017;0.00464
-0.02924;0.00463
-0.02794;0.00461
-0.02674;0.00459
-0.02596;0.00457
-0.02478;0.00456
-0.0238;0.00455
-0.02305;0.00453
-0.02186;0.00451
-0.02104;0.00449
-0.01956;0.00448
-0.01877;0.00446
-0.01721;0.00444
-0.01636;0.00442
-0.01529;0.0044
-0.01428;0.00439
-0.01313;0.00437
-0.01231;0.00435
-0.01104;0.00433
-0.00995;0.00431
-0.00884;0.00429
-0.0077;0.00427
-0.00655;0.00425
-0.00577;0.00423
-0.00455;0.00421
-0.00331;0.0042
-0.00233;0.00417
-0.00139;0.00415
-3.02124e-4;0.00413
0.00101;0.00411
0.00213;0.0041
0.00307;0.00407
0.00438;0.00405
0.00518;0.00403
0.00621;0.00401
0.00742;0.004
0.00854;0.00398
0.00951;0.00396
0.01021;0.00393
0.01169;0.00392
0.01252;0.00391
0.01354;0.00388
0.0145;0.00386
0.01571;0.00384
0.01694;0.00383
0.01797;0.00382
0.01897;0.00379
0.02049;0.00378
0.02118;0.00376
0.02232;0.00375
0.02324;0.00373
0.02413;0.00372
0.02507;0.0037
0.02665;0.00368
0.02762;0.00368
0.02855;0.00366
0.02958;0.00364
0.03057;0.00363
0.03203;0.00361
0.03306;0.00361
0.0341;0.00359
0.03535;0.00357
0.03601;0.00356
0.03651;0.00355
0.03818;0.00354
0.03948;0.00353
0.04039;0.00351
0.04156;0.0035
0.04231;0.00349
0.04363;0.00349
0.04482;0.00347
0.04589;0.00346
0.04684;0.00345
0.04785;0.00345
0.04873;0.00344
0.05;0.00343
0.05087;0.00341
0.05136;0.0034
0.05264;0.0034
0.05371;0.00339
0.05502;0.00338
0.05585;0.00337
0.05707;0.00336
0.05786;0.00336
0.0592;0.00335
0.06012;0.00334
0.06122;0.00333
0.0621;0.00332
0.06339;0.00332
0.06451;0.00331
0.06546;0.0033
0.06671;0.00329
0.0676;0.00328
0.06851;0.00329
0.06943;0.00327
0.07074;0.00326
0.07202;0.00325
0.07336;0.00325
0.07401;0.00325
0.0751;0.00324
0.07602;0.00323
0.07703;0.00322
0.07855;0.00322
0.07916;0.00322
0.08063;0.0032
0.08142;0.0032
0.08252;0.00319
0.0838;0.00319
0.08456;0.00318
0.08545;0.00317
0.08655;0.00316
0.08774;0.00316
0.08911;0.00316
0.09006;0.00315
0.09125;0.00314
0.09204;0.00314
0.09338;0.00313
0.09415;0.00313
0.09494;0.00312
0.09653;0.00311
0.09793;0.00311
0.09866;0.0031
0.09949;0.0031
0.10077;0.00309
0.10217;0.00308
0.1026;0.00307
0.10333;0.00307
0.10498;0.00307
0.10626;0.00306
0.10715;0.00305
0.10852;0.00304
0.10941;0.00304
0.11053;0.00304
0.11099;0.00302
0.1123;0.00301
0.11371;0.003
0.11456;0.003
0.11606;0.003
0.11716;0.00299
0.11761;0.00298
0.1188;0.00297
0.11981;0.00297
0.12128;0.00297
0.12198;0.00296
0.12296;0.00295
0.12448;0.00294
0.12512;0.00294
0.12671;0.00294
0.1275;0.00293
0.1282;0.00292
0.12949;0.00291
0.13031;0.00292
0.13162;0.00291
0.13306;0.0029
0.13382;0.00289
0.13571;0.00289
0.13605;0.00289
0.13678;0.00288
0.13812;0.00287
0.1387;0.00286
0.14035;0.00286
0.14142;0.00286
0.14255;0.00285
0.14374;0.00284
0.14465;0.00284
0.14587;0.00284
0.14645;0.00284
0.14777;0.00283
0.14868;0.00282
0.14969;0.00281
0.151;0.00282
0.15179;0.00281
0.15323;0.00281
0.15402;0.0028
0.15524;0.00279
0.15643;0.0028
0.15723;0.00279
0.15863;0.00278
0.15948;0.00278
0.16043;0.00277
0.16141;0.00278
0.16287;0.00277
0.16364;0.00276
0.1651;0.00275
0.16571;0.00275
0.1673;0.00275
0.16797;0.00274
0.16895;0.00273
0.17001;0.00273
0.1713;0.00273
0.17255;0.00273
0.17355;0.00272
0.17426;0.00271
0.17575;0.00271
0.17651;0.00271
0.17764;0.00271
0.17868;0.0027
0.1799;0.00269
0.18063;0.00269
0.18173;0.0027
0.18265;0.00269
0.18451;0.00269
0.18509;0.00268
0.18597;0.00268
0.18723;0.00268
0.18799;0.00268
0.18948;0.00267
0.19028;0.00267
0.19141;0.00267
0.19266;0.00267
0.19388;0.00267
0.1944;0.00266
0.19589;0.00266
0.19699;0.00266
0.19766;0.00266
0.1994;0.00265
0.19992;0.00265
0.20117;0.00264
0.20221;0.00265
0.20316;0.00265
0.20447;0.00264
0.2052;0.00264
0.20651;0.00263
0.20755;0.00264
0.20837;0.00263
0.20984;0.00263
0.21048;0.00262
0.21182;0.00262
0.21298;0.00263
0.21399;0.00262
0.215;0.00262
0.21625;0.00261
0.21695;0.00261
0.21814;0.00262
0.21921;0.00261
0.2204;0.0026
0.22168;0.0026
0.22247;0.0026
0.22385;0.0026
0.22479;0.0026
0.22562;0.00259
0.22687;0.00259
0.22787;0.00259
0.22876;0.00259
0.23026;0.00258
0.23111;0.00258
0.23218;0.00257
0.23355;0.00258
0.23416;0.00258
0.23492;0.00257
0.23663;0.00256
0.23718;0.00256
0.23846;0.00256
0.23962;0.00256
0.24094;0.00255
0.24158;0.00254
0.24307;0.00254
0.24368;0.00254
0.24496;0.00253
0.24628;0.00252
0.24692;0.00252
0.24811;0.00251
0.24945;0.00252
0.25018;0.00251
0.2515;0.00251
0.25244;0.0025
0.25311;0.0025
0.25467;0.00251
0.2554;0.0025
0.25681;0.00249
0.25781;0.00249
0.25903;0.00249
0.25974;0.00249
0.26117;0.00249
0.26236;0.00248
0.26312;0.00248
0.26416;0.00249
0.26559;0.00248
0.26636;0.00248
0.26755;0.00247
0.26828;0.00247
0.26935;0.00248
0.27026;0.00247
0.27182;0.00247
0.27292;0.00246
0.27396;0.00246
0.2753;0.00247
0.27579;0.00246
0.27673;0.00246
0.27777;0.00245
0.27899;0.00245
0.27994;0.00246
0.28134;0.00245
0.28235;0.00245
0.28336;0.00244
0.28427;0.00245
0.28555;0.00245
0.28644;0.00244
0.28708;0.00244
0.28876;0.00243
0.28983;0.00244
0.29102;0.00244
0.29205;0.00243
0.29327;0.00243
0.29413;0.00243
0.29523;0.00243
0.29663;0.00243
0.29715;0.00242
0.29843;0.00242
0.29962;0.00242
0.30017;0.00243
0.30157;0.00242
0.30261;0.00242
0.30341;0.00241
0.30466;0.00242
0.30588;0.00242
0.30695;0.00241
0.3082;0.00241
0.3092;0.0024
0.31;0.00241
0.31116;0.00241
0.31219;0.0024
0.31348;0.0024
0.31427;0.00239
0.31573;0.0024
0.31656;0.0024
0.31711;0.00239
0.31879;0.00238
0.31961;0.00238
0.32068;0.00239
0.32196;0.00238
0.32303;0.00238
0.32407;0.00238
0.32535;0.00237
0.32666;0.00239
0.32709;0.00239
0.32852;0.00238
0.32941;0.00238
0.33011;0.00238
0.33139;0.00238
0.33246;0.00237
0.33356;0.00236
0.33447;0.00236
0.33594;0.00236
0.33688;0.00236
0.33762;0.00235
0.33911;0.00235
0.34;0.00235
0.34103;0.00235
0.34229;0.00235
0.34323;0.00234
0.34433;0.00234
0.34528;0.00233
0.34662;0.00234
0.34781;0.00233
0.34848;0.00233
0.34958;0.00232
0.35034;0.00232
0.35162;0.00233
0.35281;0.00232
0.35422;0.00232
0.35495;0.00231
0.35614;0.00231
0.35721;0.00232
0.35791;0.00231
0.35919;0.0023
0.36038;0.0023
0.36145;0.0023
0.36209;0.0023
0.36392;0.0023
0.36472;0.00229
0.3656;0.00229
0.36679;0.0023
0.36798;0.0023
0.36893;0.0023
0.36987;0.00229
0.37094;0.00229
0.37192;0.00229
0.37317;0.00229
0.37427;0.00229
0.37509;0.00228
0.37656;0.00228
0.37741;0.00229
0.37842;0.00228
0.37955;0.00227
0.38104;0.00227
0.38184;0.00227
0.38269;0.00227
0.38376;0.00227
0.38455;0.00226
0.38599;0.00226
0.38736;0.00226
0.38776;0.00226
0.38934;0.00226
0.39005;0.00225
0.39105;0.00225
0.3927;0.00225
0.39322;0.00225
0.39459;0.00225
0.39587;0.00225
0.39655;0.00224
0.39777;0.00225
0.39865;0.00225
0.39948;0.00224
0.3989;0.00222
0.39752;0.00221
0.39661;0.00222
0.39557;0.00221
0.39435;0.00222
0.3934;0.00223
0.39233;0.00227
0.39124;0.00235
0.38992;0.00248
0.38913;0.0026
0.38794;0.00268
0.38669;0.00273
0.38586;0.00273
0.38467;0.00268
0.38394;0.00262
0.38245;0.00255
0.38141;0.00249
0.38065;0.00244
0.37939;0.00239
0.37872;0.00235
0.3772;0.00232
0.37646;0.00231
0.37555;0.00229
0.37344;0.00227
0.37335;0.00225
0.37201;0.00224
0.37134;0.00223
0.37006;0.00222
0.36877;0.0022
0.3678;0.00219
0.3667;0.00218
0.36578;0.00217
0.36462;0.00216
0.36365;0.00214
0.3624;0.00213
0.36145;0.00212
0.36081;0.00212
0.3591;0.00211
0.35818;0.0021
0.35712;0.00209
0.35593;0.00209
0.35522;0.00209
0.35391;0.00208
0.353;0.00207
0.35172;0.00206
0.35092;0.00206
0.34958;0.00206
0.34854;0.00205
0.34741;0.00204
0.3465;0.00203
0.34537;0.00203
0.34442;0.00202
0.34335;0.00201
0.34229;0.002
0.34079;0.002
0.34009;0.002
0.33884;0.00199
0.3381;0.00199
0.33676;0.00198
0.33575;0.00198
0.33499;0.00198
0.33368;0.00198
0.3327;0.00197
0.33124;0.00196
0.33038;0.00196
0.32919;0.00197
0.3284;0.00195
0.32742;0.00195
0.32639;0.00194
0.32498;0.00193
0.32443;0.00193
0.32312;0.00192
0.32199;0.00192
0.32129;0.00191
0.31979;0.00192
0.31836;0.00191
0.31757;0.00191
0.31671;0.0019
0.31537;0.0019
0.31439;0.00191
0.31348;0.0019
0.31219;0.00189
0.31143;0.00189
0.31027;0.00189
0.30893;0.00189
0.30814;0.00188
0.30719;0.00187
0.30594;0.00187
0.30518;0.00186
0.30368;0.00187
0.30264;0.00186
0.30145;0.00185
0.30069;0.00185
0.29965;0.00185
0.29871;0.00185
0.29749;0.00185
0.29636;0.00184
0.29523;0.00184
0.29416;0.00184
0.29294;0.00185
0.29178;0.00184
0.29111;0.00183
0.28958;0.00183
0.28867;0.00183
0.28778;0.00183
0.2868;0.00182
0.28571;0.00182
0.28458;0.00181
0.28384;0.00181
0.28259;0.00181
0.2811;0.0018
0.2804;0.0018
0.27963;0.00179
0.27798;0.0018
0.27704;0.0018
0.27606;0.00179
0.27475;0.00179
0.27371;0.00179
0.27271;0.0018
0.27188;0.0018
0.27072;0.0018
0.26965;0.0018
0.26837;0.0018
0.2674;0.00181
0.26654;0.00182
0.26575;0.00184
0.26431;0.0019
0.26328;0.002
0.26202;0.00213
0.2612;0.00222
0.26013;0.00223
0.25879;0.00222
0.25772;0.00222
0.25702;0.00221
0.25583;0.00218
0.25476;0.00216
0.2533;0.00215
0.25266;0.00216
0.25159;0.00216
0.25043;0.00214
0.24948;0.00213
0.24866;0.00211
0.2471;0.0021
0.24588;0.00208
0.245;0.00206
0.24423;0.00204
0.24277;0.00202
0.24219;0.00201
0.24057;0.00198
0.23907;0.00196
0.23892;0.00194
0.23804;0.00193
0.23642;0.00192
0.23532;0.00191
0.23447;0.00189
0.23334;0.00188
0.23227;0.00187
0.23099;0.00188
0.22992;0.00187
0.22928;0.00186
0.22763;0.00185
0.22702;0.00185
0.22577;0.00185
0.22452;0.00184
0.22369;0.00185
0.22244;0.00186
0.22165;0.00188
0.22046;0.00189
0.2193;0.00187
0.21848;0.00186
0.21738;0.00185
0.21661;0.00184
0.21533;0.00184
0.21426;0.00182
0.21323;0.00181
0.21213;0.0018
0.2113;0.0018
0.20959;0.0018
0.20914;0.00178
0.20767;0.00178
0.2067;0.00177
0.20541;0.00177
0.20465;0.00177
0.20343;0.00176
0.20233;0.00175
0.20151;0.00174
0.2002;0.00175
0.19922;0.00174
0.19797;0.00173
0.19736;0.00173
0.1958;0.00172
0.19501;0.00173
0.19351;0.00172
0.19281;0.00171
0.19144;0.00171
0.19073;0.0017
0.18942;0.00171
0.18854;0.0017
0.18765;0.0017
0.18634;0.00169
0.18515;0.00169
0.18423;0.00169
0.18326;0.00168
0.18225;0.00168
0.18091;0.00167
0.18024;0.00167
0.17871;0.00167
0.1777;0.00167
0.17667;0.00166
0.17578;0.00166
0.17435;0.00165
0.17325;0.00166
0.17252;0.00165
0.17136;0.00165
0.17029;0.00164
0.16931;0.00164
0.16815;0.00165
0.16702;0.00164
0.16626;0.00163
0.16501;0.00163
0.16397;0.00163
0.16263;0.00163
0.16183;0.00162
0.16092;0.00162
0.16013;0.00162
0.15839;0.00162
0.1575;0.00162
0.15677;0.00161
0.15543;0.00161
0.15436;0.0016
0.15317;0.00161
0.15222;0.00161
0.15112;0.0016
0.14999;0.0016
0.14899;0.00159
0.14801;0.0016
0.14685;0.0016
0.14523;0.00159
0.14502;0.00159
0.14395;0.00158
0.14258;0.00159
0.14178;0.00159
0.14056;0.00158
0.13953;0.00158
0.13803;0.00157
0.13742;0.00158
0.13617;0.00158
0.13528;0.00157
0.13416;0.00157
0.13297;0.00157
0.13199;0.00157
0.1311;0.00157
0.12976;0.00156
0.1286;0.00156
0.12802;0.00156
0.12677;0.00156
0.1257;0.00156
0.12436;0.00155
0.12369;0.00155
0.12253;0.00155
0.12125;0.00156
0.12003;0.00155
0.11923;0.00155
0.11801;0.00154
0.1174;0.00155
0.11569;0.00155
0.11505;0.00155
0.1138;0.00154
0.11273;0.00154
0.11133;0.00155
0.1106;0.00155
0.10941;0.00155
0.10861;0.00155
0.10751;0.00155
0.10641;0.00156
0.10556;0.00158
0.10428;0.00159
0.10321;0.00161
0.10178;0.00162
0.10114;0.00165
0.09979;0.00166
0.09906;0.00167
0.09766;0.00167
0.09683;0.00167
0.09552;0.00168
0.09448;0.00168
0.09341;0.00167
0.09232;0.00167
0.09128;0.00166
0.09021;0.00167
0.08926;0.00166
0.08813;0.00166
0.08743;0.00166
0.08569;0.00167
0.08508;0.00168
0.08362;0.00169
0.08286;0.00169
0.08151;0.00168
0.08084;0.00168
0.07953;0.00168
0.07892;0.00167
0.07761;0.00166
0.07657;0.00165
0.07538;0.00165
0.07455;0.00165
0.073;0.00163
0.07217;0.00162
0.07089;0.00161
0.07016;0.00161
0.06882;0.00161
0.06802;0.0016
0.06702;0.0016
0.0658;0.00159
0.06458;0.00159
0.06354;0.00159
0.06253;0.00158
0.06158;0.00158
0.06027;0.00158
0.05917;0.00158
0.05829;0.00158
0.05725;0.00158
0.0564;0.00158
0.05484;0.00158
0.05386;0.00159
0.05273;0.0016
0.052;0.00159
0.05087;0.0016
0.05024;0.0016
0.04883;0.00161
0.04805;0.00162
0.04641;0.00162
0.04602;0.00163
0.04452;0.00164
0.04366;0.00165
0.04248;0.00165
0.04131;0.00164
0.04045;0.00164
0.03892;0.00163
0.0385;0.00164
0.03703;0.00164
0.03613;0.00165
0.03501;0.00166
0.0338;0.00166
0.03304;0.00167
0.0319;0.00166
0.03083;0.00166
0.02973;0.00165
0.02874;0.00166
0.02754;0.00167
0.02638;0.00166
0.0255;0.00166
0.02448;0.00165
0.02325;0.00165
0.02271;0.00166
0.02108;0.00165
0.02003;0.00164
0.0194;0.00163
0.01761;0.00163
0.01674;0.00163
0.01598;0.00162
0.01488;0.00161
0.01358;0.0016
0.01274;0.0016
0.01172;0.0016
0.01039;0.00159
0.00938;0.00159
0.00844;0.00158
0.00715;0.00159
0.00615;0.00159
0.00528;0.00158
0.0039;0.00158
0.00276;0.00157
0.00208;0.00158
0.00101;0.00158
-2.86865e-4;0.00158
-0.00118;0.00157
-0.00211;0.00157
-0.00321;0.00158
-0.00461;0.00158
-0.00578;0.00157
-0.00674;0.00157
-0.00742;0.00157
-0.00858;0.00158
-0.00985;0.00158
-0.01109;0.00157
-0.01194;0.00157
-0.01317;0.00157
-0.01403;0.00158
-0.01509;0.00158
-0.01619;0.00157
-0.01729;0.00157
-0.01807;0.00157
-0.01961;0.00158
-0.02043;0.00158
-0.02143;0.00158
-0.02236;0.00158
-0.0236;0.00158
-0.02468;0.00159
-0.02589;0.00159
-0.02695;0.00159
-0.02818;0.00159
-0.02931;0.00159
-0.02997;0.0016
-0.03121;0.0016
-0.03236;0.0016
-0.03326;0.0016
-0.03418;0.00161
-0.03561;0.00162
-0.03642;0.00162
-0.03766;0.00163
-0.03877;0.00163
-0.03972;0.00165
-0.04089;0.00166
-0.04199;0.00166
-0.04319;0.00167
-0.04383;0.00167
-0.04514;0.00167
-0.04635;0.00168
-0.04746;0.00168
-0.04868;0.00167
-0.04971;0.00167
-0.0506;0.00168
-0.05164;0.00168
-0.05307;0.00168
-0.05374;0.00168
-0.05469;0.00167
-0.05591;0.00168
-0.05676;0.00169
-0.05847;0.00168
-0.0593;0.00169
-0.06021;0.00169
-0.06137;0.0017
-0.06262;0.00171
-0.06335;0.00171
-0.06473;0.00172
-0.06595;0.00172
-0.06671;0.00173
-0.06793;0.00173
-0.06876;0.00173
-0.06989;0.00173
-0.07077;0.00173
-0.07187;0.00174
-0.07278;0.00174
-0.07401;0.00174
-0.07495;0.00174
-0.07623;0.00174
-0.07724;0.00176
-0.07837;0.00176
-0.0795;0.00176
-0.08035;0.00176
-0.0816;0.00177
-0.08301;0.00178
-0.08383;0.00178
-0.08511;0.00179
-0.08585;0.00179
-0.0867;0.0018
-0.08783;0.00181
-0.08887;0.00182
-0.09015;0.00182
-0.09137;0.00183
-0.09235;0.00184
-0.0932;0.00185
-0.0946;0.00186
-0.09525;0.00186
-0.09637;0.00187
-0.09729;0.00187
-0.09879;0.00189
-0.10004;0.00189
-0.10117;0.00189
-0.10196;0.00189
-0.10266;0.0019
-0.10382;0.00191
-0.10486;0.00191
-0.10626;0.00191
-0.10751;0.00191
-0.10812;0.00192
-0.10968;0.00193
-0.11017;0.00193
-0.11157;0.00193
-0.11234;0.00194
-0.11362;0.00194
-0.11484;0.00196
-0.11591;0.00196
-0.117;0.00196
-0.1181;0.00196
-0.11856;0.00197
-0.12006;0.00199
-0.12125;0.00199
-0.12225;0.00199
-0.12347;0.002
-0.12427;0.00201
-0.12534;0.00202
-0.12665;0.00202
-0.12762;0.00203
-0.12857;0.00203
-0.12949;0.00205
-0.1308;0.00206
-0.13214;0.00207
-0.13278;0.00207
-0.13406;0.00208
-0.13498;0.0021
-0.13617;0.00211
-0.13763;0.00212
-0.13806;0.00213
-0.13934;0.00214
-0.14032;0.00216
-0.14145;0.00217
-0.14294;0.00218
-0.14346;0.0022
-0.14468;0.00221
-0.14554;0.00223
-0.14676;0.00225
-0.14783;0.00226
-0.14911;0.00227
-0.1499;0.00228
-0.15125;0.00231
-0.1524;0.00232
-0.15338;0.00233
-0.15417;0.00234
-0.1554;0.00235
-0.15674;0.00237
-0.15762;0.00239
-0.15826;0.0024
-0.15942;0.00241
-0.16098;0.00242
-0.16193;0.00244
-0.16302;0.00245
-0.16431;0.00246
-0.16516;0.00247
-0.16611;0.00249
-0.16678;0.00251
-0.16809;0.00252
-0.1694;0.00253
-0.17035;0.00254
-0.17126;0.00255
-0.17239;0.00257
-0.17361;0.00259
-0.1745;0.0026
-0.17563;0.00261
-0.17673;0.00262
-0.17801;0.00265
-0.17899;0.00266
-0.17981;0.00267
-0.18134;0.00268
-0.18237;0.0027
-0.18311;0.00272
-0.18408;0.00274
-0.18552;0.00275
-0.18661;0.00276
-0.1871;0.00278
-0.18854;0.00281
-0.18985;0.00282
-0.19052;0.00283
-0.19162;0.00285
-0.19299;0.00287
-0.19403;0.00289
-0.19498;0.00291
-0.19617;0.00292
-0.19727;0.00294
-0.19815;0.00296
-0.19885;0.00298
-0.20035;0.003
-0.20135;0.00301
-0.20242;0.00303
-0.20355;0.00305
-0.20493;0.00307
-0.20581;0.00309
-0.20682;0.00311
-0.20786;0.00312
-0.20895;0.00314
-0.20999;0.00317
-0.21103;0.00318
-0.21201;0.0032
-0.21335;0.00321
-0.21387;0.00323
-0.21509;0.00326
-0.21649;0.00327
-0.21783;0.00329
-0.21838;0.0033
-0.21945;0.00332
-0.2207;0.00335
-0.22198;0.00336
-0.22284;0.00337
-0.22391;0.00339
-0.22473;0.00341
-0.22638;0.00343
-0.22708;0.00344
-0.228;0.00345
-0.22913;0.00346
-0.23032;0.00349
-0.23138;0.0035
-0.23248;0.00351
-0.23352;0.00353
-0.23444;0.00354
-0.23578;0.00355
-0.23715;0.00357
-0.23785;0.00358
-0.23911;0.00359
-0.23959;0.0036
-0.24091;0.00362
-0.24243;0.00363
-0.2431;0.00364
-0.24414;0.00364
-0.24515;0.00365
-0.24631;0.00367
-0.24762;0.00368
-0.24863;0.00368
-0.24966;0.00369
-0.25067;0.00369
-0.25162;0.00371
-0.2525;0.00372
-0.25366;0.00372
-0.25519;0.00372
-0.25601;0.00373
-0.25726;0.00374
-0.2583;0.00374
-0.25934;0.00374
-0.26019;0.00375
-0.26129;0.00375
-0.2623;0.00376
-0.26373;0.00376
-0.26495;0.00376
-0.26572;0.00376
-0.26675;0.00376
-0.26791;0.00377
-0.26886;0.00377
-0.27014;0.00377
-0.27103;0.00376
-0.27206;0.00376
-0.27325;0.00377
-0.27399;0.00377
-0.27509;0.00377
-0.27652;0.00376
-0.27756;0.00376
-0.27872;0.00376
-0.27911;0.00376
-0.28033;0.00376
-0.28156;0.00375
-0.28262;0.00375
-0.28369;0.00375
-0.28476;0.00375
-0.28589;0.00374
-0.28693;0.00373
-0.28799;0.00373
-0.28928;0.00373
-0.29007;0.00372
-0.29138;0.00371
-0.29251;0.0037
-0.29346;0.0037
-0.29437;0.0037
-0.29544;0.00369
-0.29642;0.00368
-0.29758;0.00367
-0.29861;0.00367
-0.29974;0.00367
-0.3009;0.00366
-0.30215;0.00365
-0.30283;0.00364
-0.30377;0.00364
-0.30496;0.00363
-0.30603;0.00362
-0.30716;0.00361
-0.30853;0.0036
-0.30963;0.00359
-0.31024;0.00359
-0.3114;0.00358
-0.31244;0.00357
-0.31348;0.00355
-0.31451;0.00355
-0.3157;0.00354
-0.31683;0.00353
-0.31793;0.00352
-0.319;0.00351
-0.32022;0.0035
-0.32132;0.00349
-0.32214;0.00348
-0.32346;0.00347
-0.32434;0.00345
-0.32562;0.00345
-0.3262;0.00344
-0.32791;0.00342
-0.32867;0.00341
-0.32974;0.0034
-0.33084;0.00339
-0.33182;0.00338
-0.33286;0.00337
-0.33405;0.00335
-0.33499;0.00334
-0.33618;0.00333
-0.33731;0.00332
-0.33807;0.00331
-0.33945;0.00329
-0.34039;0.00328
-0.34137;0.00327
-0.34256;0.00326
-0.34338;0.00324
-0.34479;0.00323
-0.3457;0.00321
-0.34674;0.00321
-0.34778;0.00319
-0.34872;0.00318
-0.35007;0.00316
-0.35071;0.00315
-0.35205;0.00314
-0.35312;0.00312
-0.35437;0.00311
-0.35553;0.00309
-0.35608;0.00308
-0.35754;0.00307
-0.358;0.00305
-0.35974;0.00303
-0.36044;0.00302
-0.36194;0.00301
-0.36279;0.003
-0.36398;0.00298
-0.36493;0.00296
-0.36584;0.00294
-0.36667;0.00293
-0.36832;0.00292
-0.36914;0.0029
-0.37003;0.00289
-0.37115;0.00287
-0.37234;0.00286
-0.37329;0.00284
-0.37436;0.00282
-0.37576;0.00281
-0.37668;0.00279
-0.37799;0.00278
-0.3786;0.00276
-0.37982;0.00274
-0.38077;0.00272
-0.38187;0.00271
-0.38315;0.0027
-0.38412;0.00268
-0.38522;0.00266
-0.38596;0.00264
-0.3873;0.00263
-0.38828;0.00262
-0.38928;0.0026
-0.39038;0.00258
-0.39169;0.00256
-0.39267;0.00254
-0.39368;0.00253
-0.39471;0.00251
-0.39554;0.00249
-0.39667;0.00247
-0.39758;0.00246
-0.39883;0.00245
-0.40005;0.00243
-0.40121;0.00241
-0.40222;0.00239
-0.40326;0.00237
-0.40436;0.00236
-0.40512;0.00234
-0.40628;0.00232
-0.40756;0.0023
-0.40851;0.00229
-0.40948;0.00227
-0.41089;0.00225
-0.41187;0.00223
-0.41275;0.00221
-0.41379;0.0022
-0.41495;0.00218
-0.41592;0.00216
-0.41693;0.00214
-0.4183;0.00212
-0.4194;0.00211
-0.42017;0.00209
-0.4212;0.00207
-0.42236;0.00205
-0.42328;0.00203
-0.42429;0.00202
-0.42532;0.00201
-0.42657;0.00198
-0.42783;0.00196
-0.42896;0.00195
-0.42984;0.00194
-0.43094;0.00192
-0.43201;0.0019
-0.43304;0.00188
-0.4339;0.00186
-0.43512;0.00185
-0.43655;0.00183
-0.43744;0.00181
-0.43829;0.00179
-0.43927;0.00177
-0.44037;0.00176
-0.44162;0.00174
-0.44275;0.00172
-0.44382;0.0017
-0.4447;0.00169
-0.44583;0.00167
-0.44696;0.00165
-0.44797;0.00164
-0.4491;0.00162
-0.44992;0.0016
-0.45135;0.00159
-0.4523;0.00157
-0.45346;0.00155
-0.45438;0.00153
-0.45523;0.00152
-0.45651;0.00151
-0.45746;0.00149
-0.45877;0.00147
-0.45959;0.00145
-0.46094;0.00144
-0.46194;0.00143
-0.46313;0.00141
-0.46417;0.00139
-0.46515;0.00137
-0.46609;0.00137
-0.46704;0.00135
-0.46844;0.00133
-0.46915;0.00131
-0.47058;0.0013
-0.47162;0.00129
-0.47247;0.00127
-0.47357;0.00126
-0.47461;0.00124
-0.47565;0.00122
-0.47672;0.00122
-0.47775;0.0012
-0.47888;0.00118
-0.47995;0.00116
-0.48087;0.00115
-0.4823;0.00114
-0.48322;0.00113
-0.48422;0.00111
-0.4852;0.00109
-0.4863;0.00108
-0.48734;0.00107
-0.4884;0.00106
-0.48956;0.00104
-0.49097;0.00103
-0.49179;0.00102
-0.49286;0.00101
-0.49399;9.91211e-4
-0.49469;9.79309e-4
-0.49591;9.6344e-4
-0.49713;9.55811e-4
-0.49796;9.44214e-4
-0.49927;9.2926e-4
-0.50003;9.14001e-4
-0.50131;9.00574e-4
-0.50241;8.95386e-4
-0.50342;8.83484e-4
-0.50433;8.6853e-4
-0.50565;8.54492e-4
-0.50665;8.42896e-4
-0.50757;8.37097e-4
-0.50864;8.23975e-4
-0.50998;8.11462e-4
-0.51099;7.96814e-4
-0.51169;7.86133e-4
-0.51303;7.8125e-4
-0.51416;7.69348e-4
-0.51526;7.56531e-4
-0.5162;7.42493e-4
-0.5173;7.33032e-4
-0.5184;7.27844e-4
-0.51962;7.15942e-4
-0.52039;7.04346e-4
-0.52158;6.90613e-4
-0.52249;6.83289e-4
-0.52393;6.78711e-4
-0.52451;6.66504e-4
-0.52585;6.53076e-4
-0.52698;6.40869e-4
-0.52817;6.34766e-4
-0.52881;6.29272e-4
-0.52997;6.17676e-4
-0.53128;6.06384e-4
-0.53232;5.95093e-4
-0.53311;5.90515e-4
-0.53452;5.85327e-4
-0.53555;5.72205e-4
-0.53668;5.62439e-4
-0.53735;5.49622e-4
-0.53867;5.47791e-4
-0.54004;5.41687e-4
-0.54062;5.3009e-4
-0.54184;5.20325e-4
-0.54282;5.1178e-4
-0.54413;5.09949e-4
-0.54507;5.01404e-4
-0.54611;4.88892e-4
-0.54721;4.79126e-4
-0.54837;4.70795e-4
-0.54929;4.70093e-4
-0.55026;4.61395e-4
-0.55115;4.51874e-4
-0.55264;4.42383e-4
-0.55328;4.35272e-4
-0.55444;4.3457e-4
-0.55554;4.25659e-4
-0.5567;4.18243e-4
-0.55795;4.07074e-4
-0.55893;4.01611e-4
-0.55972;4.00574e-4
-0.56094;3.91693e-4
-0.56226;3.82751e-4
-0.56335;3.73199e-4
-0.56427;3.69781e-4
-0.56522;3.68805e-4
-0.56644;3.59985e-4
-0.56757;3.52081e-4
-0.56845;3.45428e-4
-0.5694;3.42682e-4
-0.57034;3.39935e-4
-0.57162;3.32275e-4
-0.57263;3.24615e-4
-0.57373;3.15735e-4
-0.57465;3.15338e-4
-0.57599;3.12531e-4
-0.57715;3.03497e-4
-0.57816;2.94861e-4
-0.57898;2.88849e-4
-0.58011;2.89734e-4
-0.58154;2.85095e-4
-0.58246;2.78564e-4
-0.5834;2.70172e-4
-0.58447;2.64923e-4
-0.5856;2.66144e-4
-0.58667;2.61261e-4
-0.58749;2.53998e-4
-0.58881;2.47955e-4
-0.59009;2.41608e-4
-0.59088;2.45239e-4
-0.59186;2.38464e-4
-0.59308;2.34558e-4
-0.59402;2.258e-4
-0.59515;2.2229e-4
-0.59619;2.2226e-4
-0.59735;2.17987e-4
-0.59839;2.1167e-4
-0.59927;2.06665e-4
-0.60052;2.03735e-4
-0.60187;2.05505e-4
-0.60281;1.98608e-4
-0.60361;1.93451e-4
-0.60489;1.85425e-4
-0.60587;1.86951e-4
-0.60687;1.88049e-4
-0.60791;1.81091e-4
-0.60919;1.75842e-4
-0.61023;1.7041e-4
-0.61115;1.70227e-4
-0.61227;1.70105e-4
-0.61346;1.6391e-4
-0.61432;1.60126e-4
-0.61548;1.54846e-4
-0.61664;1.55151e-4
-0.61771;1.5451e-4
-0.61868;1.48529e-4
-0.61972;1.44043e-4
-0.62079;1.38275e-4
-0.6217;1.41541e-4
-0.62299;1.40594e-4
-0.62393;1.3446e-4
-0.62494;1.29974e-4
-0.62625;1.2616e-4
-0.62732;1.29791e-4
-0.6283;1.27319e-4
-0.62936;1.21979e-4
-0.63034;1.17493e-4
-0.63135;1.14807e-4
-0.6326;1.17523e-4
-0.63376;1.15143e-4
-0.63455;1.11084e-4
-0.63586;1.05743e-4
-0.63681;1.02997e-4
-0.63794;1.08032e-4
-0.63904;1.03088e-4
-0.63992;9.9762e-5
-0.6412;9.42078e-5
-0.64218;9.31702e-5
-0.64313;9.60388e-5
-0.64413;9.36279e-5
-0.64523;8.87756e-5
-0.64655;8.54492e-5
-0.64764;8.38928e-5
-0.6489;8.8562e-5
-0.64975;8.28552e-5
-0.65082;7.91016e-5
-0.65179;7.47681e-5
-0.65265;7.46765e-5
-0.65417;7.76672e-5
-0.65506;7.37e-5
-0.65625;7.10144e-5
-0.65741;6.66199e-5
-0.65823;6.8512e-5
-0.65933;7.05872e-5
-0.66037;6.55518e-5
-0.66162;6.11267e-5
-0.66257;5.84717e-5
-0.66339;6.22864e-5
-0.66492;6.13708e-5
-0.6658;5.82581e-5
-0.66675;5.53894e-5
-0.66785;5.23071e-5
-0.66882;5.44128e-5
-0.67007;5.42908e-5
-0.67114;5.00488e-5
-0.67194;4.60815e-5
-0.67322;4.35791e-5
-0.67429;4.76379e-5
-0.67526;4.58984e-5
-0.67648;4.40369e-5
-0.67752;4.01611e-5
-0.67859;3.75671e-5
-0.6795;4.18701e-5
-0.68051;3.96423e-5
-0.68173;3.59497e-5
-0.68271;3.2959e-5
-0.68414;3.18909e-5
-0.685;3.6438e-5
-0.68591;3.302e-5
-0.68704;2.99683e-5
-0.68787;2.64282e-5
-0.68906;2.69775e-5
-0.69019;3.08228e-5
-0.69122;2.75574e-5
-0.69254;2.45361e-5
-0.6933;2.05078e-5
-0.6947;1.97144e-5
-0.6955;2.51465e-5
-0.69647;2.21466e-5
-0.69769;1.93481e-5
-0.69867;1.49414e-5
-0.69974;1.67297e-5
-0.70074;1.96014e-5
-0.70212;1.78802e-5
-0.70297;1.37604e-5
-0.70404;1.18347e-5
-0.70526;1.2674e-5
-0.7063;1.5036e-5
-0.70731;1.18256e-5
-0.70828;8.9386e-6
-0.70947;3.55225e-6
-0.7106;9.32007e-6
-0.71158;9.23157e-6
-0.71265;4.74548e-6
-0.71371;1.63879e-6
-0.71494;5.00488e-7
-0.71564;4.70581e-6
-0.71686;3.89709e-6
-0.71817;3.05176e-8
-0.71872;-2.18811e-6
-0.72018;-6.2439e-6
-0.72067;1.53503e-6
-0.72211;-2.8656e-6
-0.72357;-4.33044e-6
-0.72433;-7.84302e-6
-0.72559;-8.39233e-6
-0.7261;-4.63562e-6
-0.72699;-6.25916e-6
-0.72861;-9.48181e-6
-0.72931;-1.41266e-5
-0.73099;-1.33362e-5
-0.73138;-9.58252e-6
-0.7327;-1.3089e-5
-0.73361;-1.49933e-5
-0.73505;-1.7572e-5
-0.7359;-1.81732e-5
-0.73676;-1.21765e-5
-0.73825;-1.59393e-5
-0.73917;-1.92383e-5
-0.74033;-2.22137e-5
-0.74063;-2.02148e-5
-0.74173;-1.82373e-5
-0.74286;-2.11578e-5
-0.745;-2.435e-5
-0.74539;-2.78168e-5
-0.74597;-2.47437e-5
-0.7475;-2.30957e-5
-0.74814;-2.61505e-5
-0.74988;-2.87994e-5
-0.7507;-3.3136e-5
-0.75287;-2.83203e-5
-0.75409;-2.70996e-5
-0.7547;-3.21655e-5
-0.75531;-3.48206e-5
-0.75775;-3.70789e-5
-0.75806;-3.42712e-5
-0.75928;-3.25317e-5
-0.76111;-3.46985e-5
-0.7608;-4.10461e-5
-0.76263;-4.17786e-5
-0.76355;-3.78723e-5
-0.76447;-3.83301e-5
-0.76508;-3.88794e-5
-0.7666;-4.3457e-5
-0.76752;-4.67224e-5
-0.76904;-4.22363e-5
-0.76965;-4.05884e-5
-0.77057;-4.73022e-5
-0.77179;-4.96521e-5
-0.77332;-5.07507e-5
-0.77454;-4.47998e-5
-0.77545;-4.80957e-5
-0.77667;-4.9408e-5
-0.77698;-5.53589e-5
-0.7782;-5.49011e-5
-0.77942;-5.0354e-5
-0.78003;-5.34058e-5
-0.78156;-5.58167e-5
-0.78278;-5.97534e-5
-0.78339;-5.95398e-5
-0.78491;-5.58777e-5
-0.78583;-5.90515e-5
-0.78674;-6.09131e-5
-0.78796;-6.5033e-5
-0.78918;-6.24084e-5
-0.79041;-5.97229e-5
-0.79163;-6.28357e-5
-0.79254;-6.63757e-5
-0.79376;-6.67114e-5
-0.79437;-6.52161e-5
-0.79559;-6.46362e-5
-0.79681;-6.60706e-5
-0.79773;-7.14111e-5
-0.79865;-7.45239e-5
-0.79956;-7.15637e-5
-0.80078;-6.93665e-5
-0.8017;-7.16858e-5
-0.80292;-7.59583e-5
-0.80383;-7.74536e-5
-0.80505;-7.38831e-5
-0.80627;-7.58057e-5
-0.8075;-7.67212e-5
-0.80841;-7.83081e-5
-0.80933;-8.15125e-5
-0.81024;-8.13904e-5
-0.81146;-8.078e-5
-0.81177;-8.27942e-5
-0.8139;-8.25806e-5
-0.81451;-8.78906e-5
-0.81604;-8.44727e-5
-0.81696;-8.49609e-5
-0.81757;-8.74634e-5
-0.81879;-9.18884e-5
-0.82001;-9.13696e-5
-0.82092;-8.82568e-5
-0.82214;-8.77686e-5
-0.82336;-9.19189e-5
-0.82458;-9.65271e-5
-0.82581;-9.59778e-5
-0.82642;-9.17358e-5
-0.82733;-9.33533e-5
-0.82886;-9.73816e-5
-0.82977;-9.93958e-5
-0.83069;-1.00494e-4
-0.83191;-9.66797e-5
-0.83313;-9.86023e-5
-0.83344;-1.0202e-4
-0.83466;-1.0257e-4
-0.83618;-9.92126e-5
-0.83679;-9.87549e-5
-0.83801;-1.0202e-4
-0.83984;-1.04706e-4
-0.84045;-1.14685e-4
-0.84167;-1.07513e-4
-0.84259;-1.03241e-4
-0.84381;-1.06537e-4
-0.84381;-1.05377e-4
-0.84534;-1.05927e-4
-0.84656;-1.01654e-4
-0.84839;-1.02509e-4
-0.84869;-9.32617e-5
-0.84991;-9.80835e-5
-0.85114;-1.01807e-4
-0.85175;-1.02051e-4
-0.85388;-1.02966e-4
-0.85449;-1.04736e-4
-0.8551;-1.09375e-4
-0.85571;-1.14014e-4
-0.85754;-1.04279e-4
-0.85876;-1.09772e-4
-0.85968;-1.14288e-4
-0.8609;-1.16913e-4
-0.86151;-1.18866e-4
-0.86304;-1.15601e-4
-0.86365;-1.12122e-4
-0.86578;-1.17249e-4
-0.86609;-1.20758e-4
-0.86731;-1.20819e-4
-0.86823;-1.16974e-4
-0.86914;-1.19385e-4
-0.87036;-1.24268e-4
-0.87158;-1.2854e-4
-0.87219;-1.26343e-4
-0.87372;-1.23352e-4
-0.87463;-1.26678e-4
-0.87555;-1.29303e-4
-0.87646;-1.33636e-4
-0.87799;-1.31989e-4
-0.8786;-1.29242e-4
-0.87982;-1.31104e-4
-0.88135;-1.35437e-4
-0.88196;-1.37115e-4
-0.88348;-1.35254e-4
-0.88409;-1.34918e-4
-0.88531;-1.34888e-4
-0.88562;-1.39374e-4
-0.88745;-1.45325e-4
-0.88867;-1.41479e-4
-0.88928;-1.42761e-4
-0.89081;-1.4212e-4
-0.89111;-1.47156e-4
-0.89233;-1.52466e-4
-0.89355;-1.45294e-4
-0.89478;-1.46118e-4
-0.8963;-1.53931e-4
-0.89661;-1.55487e-4
-0.89844;-1.59729e-4
-0.89874;-1.5329e-4
-0.90027;-1.52954e-4
-0.90118;-1.59668e-4
-0.9024;-1.63208e-4
-0.90363;-1.66321e-4
-0.90485;-1.62384e-4
-0.90607;-1.63879e-4
-0.90637;-1.69098e-4
-0.90759;-1.75049e-4
-0.90881;-1.76758e-4
-0.90942;-1.72577e-4
-0.91125;-1.74286e-4
-0.91217;-1.78802e-4
-0.91309;-1.85699e-4
-0.914;-1.86981e-4
-0.91492;-1.84296e-4
-0.91614;-1.89972e-4
-0.91766;-1.94885e-4
-0.91858;-2.00836e-4
-0.9201;-2.03186e-4
-0.92102;-2.0224e-4
-0.92133;-2.099e-4
-0.92255;-2.13776e-4
-0.92407;-2.23755e-4
-0.92468;-2.20917e-4
-0.9256;-2.2345e-4
-0.92712;-2.32422e-4
-0.92773;-2.37183e-4
-0.92834;-2.46643e-4
-0.93018;-2.50732e-4
-0.9314;-2.53143e-4
-0.93262;-2.63641e-4
-0.93292;-2.69257e-4
-0.93414;-2.79572e-4
-0.93536;-2.80579e-4
-0.93658;-2.87842e-4
-0.93781;-2.99988e-4
-0.93872;-3.1189e-4
-0.93964;-3.17078e-4
-0.94055;-3.22906e-4
-0.94147;-3.32123e-4
-0.94269;-3.43384e-4
-0.94421;-3.55408e-4
-0.94482;-3.66486e-4
-0.94666;-3.70148e-4
-0.94696;-3.82813e-4
-0.94849;-3.96729e-4
-0.9491;-4.11957e-4
-0.95032;-4.24286e-4
-0.95093;-4.32831e-4
-0.95245;-4.45068e-4
-0.95306;-4.61151e-4
-0.9549;-4.77234e-4
-0.95581;-4.91333e-4
-0.95642;-5.02014e-4
-0.95795;-5.16663e-4
-0.95917;-5.33447e-4
-0.95917;-5.55115e-4
-0.96069;-5.70374e-4
-0.96191;-5.78003e-4
-0.96344;-5.98755e-4
-0.96375;-6.18896e-4
-0.96527;-6.39038e-4
-0.96619;-6.604e-4
-0.96771;-6.71997e-4
-0.96832;-6.98242e-4
-0.96985;-7.14722e-4
-0.97046;-7.35168e-4
-0.97168;-7.56836e-4
-0.9726;-7.76062e-4
-0.97351;-8.05969e-4
-0.97473;-8.30688e-4
-0.97565;-8.55408e-4
-0.97717;-8.75244e-4
-0.97778;-8.92029e-4
-0.979;-9.20715e-4
-0.98022;-9.48792e-4
-0.98175;-9.75647e-4
-0.98206;-9.97009e-4
-0.98358;-0.00103
-0.9845;-0.00105
-0.98602;-0.00108
-0.98663;-0.00111
-0.98785;-0.00114
-0.98907;-0.00116
-0.9903;-0.0012
-0.9906;-0.00123
-0.99152;-0.00126
-0.99335;-0.00129
-0.99426;-0.00132
-0.99518;-0.00135
-0.99609;-0.00139
-0.99762;-0.00142
-0.99823;-0.00145
-0.99945;-0.00148
-1.00037;-0.00152
-0.99945;-0.00147
-0.99792;-0.00143
-0.99762;-0.00138
-0.9967;-0.00134
-0.99487;-0.0013
-0.99426;-0.00126
-0.99304;-0.00122
-0.99213;-0.00117
-0.9906;-0.00113
-0.98999;-0.00109
-0.98846;-0.00105
-0.98785;-0.00101
-0.98663;-9.71985e-4
-0.98572;-9.40247e-4
-0.98389;-9.03625e-4
-0.98389;-8.7738e-4
-0.98236;-8.40759e-4
-0.98114;-8.0719e-4
-0.98022;-7.80945e-4
-0.97931;-7.51343e-4
-0.97839;-7.23572e-4
-0.97687;-6.94885e-4
-0.97595;-6.58264e-4
-0.97534;-6.32324e-4
-0.97412;-6.03027e-4
-0.9729;-5.74951e-4
-0.97168;-5.40466e-4
-0.97076;-5.10864e-4
-0.96954;-4.8645e-4
-0.96863;-4.6167e-4
-0.96741;-4.35486e-4
-0.96619;-4.07288e-4
-0.96497;-3.81042e-4
-0.96497;-3.59497e-4
-0.96344;-3.34167e-4
-0.96191;-3.1424e-4
-0.961;-2.8598e-4
-0.96069;-2.62848e-4
-0.95917;-2.42645e-4
-0.95764;-2.23511e-4
-0.95673;-2.03064e-4
-0.95551;-1.77399e-4
-0.9549;-1.58691e-4
-0.95337;-1.41449e-4
-0.95276;-1.28784e-4
-0.95184;-1.11145e-4
-0.95032;-8.99048e-5
-0.9491;-7.53479e-5
-0.94788;-6.073e-5
-0.94727;-4.776e-5
-0.94574;-3.22266e-5
-0.94482;-1.66626e-5
-0.94391;-4.29077e-6
-0.94269;3.86658e-6
-0.94177;1.3858e-5
-0.94086;2.5705e-5
-0.93994;4.02832e-5
-0.93842;4.78821e-5
-0.93719;5.70679e-5
-0.93597;6.30493e-5
-0.93567;7.33337e-5
-0.93475;8.34961e-5
-0.93292;8.73718e-5
-0.93231;9.48792e-5
-0.93109;9.78088e-5
-0.92987;1.0556e-4
-0.92896;1.14441e-4
-0.92773;1.1438e-4
-0.92682;1.1853e-4
-0.92651;1.22467e-4
-0.92499;1.30951e-4
-0.92377;1.36932e-4
-0.92285;1.35925e-4
-0.92133;1.3797e-4
-0.92041;1.40076e-4
-0.91949;1.46729e-4
-0.91797;1.49323e-4
-0.91675;1.50452e-4
-0.91644;1.50726e-4
-0.91492;1.51245e-4
-0.914;1.58264e-4
-0.91309;1.59607e-4
-0.91217;1.58173e-4
-0.91034;1.57593e-4
-0.90973;1.57837e-4
-0.90851;1.63971e-4
-0.90729;1.64978e-4
-0.90668;1.64063e-4
-0.90576;1.61102e-4
-0.90454;1.64185e-4
-0.90332;1.67023e-4
-0.90179;1.64215e-4
-0.90118;1.67267e-4
-0.90027;1.651e-4
-0.89935;1.65253e-4
-0.89783;1.69861e-4
-0.89722;1.67938e-4
-0.896;1.65802e-4
-0.89508;1.66077e-4
-0.89386;1.67633e-4
-0.89233;1.71021e-4
-0.89172;1.69342e-4
-0.8902;1.6745e-4
-0.88928;1.65649e-4
-0.88806;1.68274e-4
-0.88715;1.71906e-4
-0.88593;1.69891e-4
-0.88501;1.65253e-4
-0.88409;1.66046e-4
-0.88318;1.69464e-4
-0.88257;1.68091e-4
-0.88074;1.70898e-4
-0.87982;1.68365e-4
-0.8786;1.64612e-4
-0.8783;1.67755e-4
-0.87646;1.69373e-4
-0.87585;1.68243e-4
-0.87463;1.64429e-4
-0.87311;1.66016e-4
-0.8725;1.67236e-4
-0.87097;1.70837e-4
-0.87006;1.68243e-4
-0.86914;1.65009e-4
-0.86823;1.65161e-4
-0.86731;1.70471e-4
-0.86578;1.67053e-4
-0.86517;1.68854e-4
-0.86334;1.61316e-4
-0.86243;1.61957e-4
-0.86182;1.78101e-4
-0.8609;1.74133e-4
-0.85907;1.71326e-4
-0.85846;1.69006e-4
-0.85754;1.6507e-4
-0.85693;1.72241e-4
-0.8551;1.6803e-4
-0.85419;1.66107e-4
-0.85327;1.6217e-4
-0.85205;1.64429e-4
-0.85114;1.69525e-4
-0.84961;1.66168e-4
-0.84869;1.64948e-4